1.200603795499731774e+01 1.212603795499731696e+01 1.208018129845424937e+01 7.507158443331718445e-04
1.212603795499731696e+01 1.224603795499731618e+01 1.219127277575052837e+01 6.612700720628102982e-04
1.224603795499731618e+01 1.236603795499731540e+01 1.230558407615311545e+01 8.761727561553319657e-04
1.236603795499731540e+01 1.248603795499731461e+01 1.242877717317583475e+01 1.289222079018751852e-03
1.248603795499731461e+01 1.260603795499731383e+01 1.254655723159550540e+01 1.440926765402158246e-03
1.260603795499731383e+01 1.272603795499731305e+01 1.266292290665754017e+01 1.353335877259572492e-03
1.272603795499731305e+01 1.284603795499731227e+01 1.278295991664571041e+01 9.546987712383270264e-04
1.284603795499731227e+01 1.296603795499731149e+01 1.290209758206926516e+01 7.669751842816671097e-04
1.296603795499731149e+01 1.308603795499731071e+01 1.302368664819482191e+01 5.959067493677139282e-04
1.308603795499731071e+01 1.320603795499730992e+01 1.314417725690906913e+01 4.699919372797012329e-04
1.320603795499730992e+01 1.332603795499730914e+01 1.326341597033926689e+01 3.627423817912737709e-04
1.332603795499730914e+01 1.344603795499730836e+01 1.338340160250136179e+01 2.783412734667460304e-04
1.344603795499730836e+01 1.356603795499730758e+01 1.350368709353863750e+01 2.033154790600140980e-04
1.356603795499730758e+01 1.368603795499730680e+01 1.362327875843497260e+01 1.495005562901496887e-04
1.368603795499730680e+01 1.380603795499730602e+01 1.374242900073254425e+01 1.077773049473762512e-04
1.380603795499730602e+01 1.392603795499730523e+01 1.386196338337855849e+01 7.401686161756515503e-05
1.392603795499730523e+01 1.404603795499730445e+01 1.398197672889711640e+01 5.169616391261418886e-05
1.404603795499730445e+01 1.416603795499730367e+01 1.410287600748962511e+01 3.292225301265716553e-05
1.416603795499730367e+01 1.428603795499730289e+01 1.422061909324541595e+01 2.107117325067520142e-05
1.428603795499730289e+01 1.440603795499730211e+01 1.433942657048283209e+01 1.306179910898208618e-05
1.440603795499730211e+01 1.452603795499730133e+01 1.445972203476267914e+01 7.489385704199473345e-06
1.452603795499730133e+01 1.464603795499730055e+01 1.457851628896213292e+01 4.097819328308105469e-06
1.464603795499730055e+01 1.476603795499729976e+01 1.469962299944788064e+01 2.041148642698924029e-06
1.476603795499729976e+01 1.488603795499729898e+01 1.481660617840571703e+01 8.614733815193176270e-07
1.488603795499729898e+01 1.500603795499729820e+01 1.493797521201406120e+01 2.949188152949015476e-07
1.500603795499729820e+01 1.512603795499729742e+01 1.504994807158557535e+01 1.086543003718058312e-07
1.512603795499729742e+01 1.524603795499729664e+01 1.521857860405238227e+01 3.880510727564494256e-08
1.524603795499729664e+01 1.536603795499729586e+01 1.529454369439272554e+01 3.104408582051595273e-08
