# [0] Wavenumber, $k$ [$h$/Mpc]# [1] $P(k)$, [Mpc$^3 h^{-3}$]# [2] $T(k)$, [Mpc$^3 h^{-3}$]# [3] $\Delta(k)$# [4] $\Delta^2_{\rm halofit}(k)$# [5] $P_{\rm halofit}(k)$ [Mpc$^3 h^{-3}$]9.948440815646671230e-09 4.666706366283842472e-02 1.927768361869632827e+03 2.327800710068597012e-27 2.327800710068597012e-27 4.666706366283842472e-02
1.045850828349686995e-08 4.898858940671336343e-02 1.927767167401391134e+03 2.839059062742078399e-27 2.839059062742078399e-27 4.898858940671336343e-02
1.099472746964949198e-08 5.142560306340002857e-02 1.927765972933889316e+03 3.462605852328484920e-27 3.462605852328484920e-27 5.142560306340003551e-02
1.155843920137401752e-08 5.398384975893927989e-02 1.927764778467128053e+03 4.223103156226482425e-27 4.223103156226482425e-27 5.398384975893927989e-02
1.215105305162408835e-08 5.666936041961221499e-02 1.927763584001106665e+03 5.150629620791789862e-27 5.150629620791789862e-27 5.666936041961221499e-02
1.277405086370409768e-08 5.948846598951804121e-02 1.927762389535825378e+03 6.281870110481154081e-27 6.281870110481154081e-27 5.948846598951803427e-02
1.342899045664931297e-08 6.244781235542766484e-02 1.927761195071284192e+03 7.661566641417743508e-27 7.661566641417743508e-27 6.244781235542766484e-02
1.411750952058489602e-08 6.555437601409730419e-02 1.927760000607483107e+03 9.344287985666278835e-27 9.344287985666278835e-27 6.555437601409730419e-02
1.484132971180425237e-08 6.881548051897688756e-02 1.927758806144422124e+03 1.139658793634271175e-26 1.139658793634271175e-26 6.881548051897688756e-02
1.560226095780652959e-08 7.223881374508567266e-02 1.927757611682101242e+03 1.389963759571898780e-26 1.389963759571898780e-26 7.223881374508568654e-02
1.640220598305811655e-08 7.583244601275601626e-02 1.927756417220520461e+03 1.695243579670254305e-26 1.695243579670254305e-26 7.583244601275600238e-02
1.724316506679489793e-08 7.960484911297094346e-02 1.927755222759679782e+03 2.067572463398865287e-26 2.067572463398865287e-26 7.960484911297094346e-02
1.812724104476224508e-08 8.356491627914676423e-02 1.927754028299579204e+03 2.521676496917787029e-26 2.521676496917787029e-26 8.356491627914676423e-02
1.905664456739967953e-08 8.772198315244297828e-02 1.927752833840218727e+03 3.075516078722718959e-26 3.075516078722718959e-26 8.772198315244297828e-02
2.003369962761847816e-08 9.208584979002464033e-02 1.927751639381598352e+03 3.750996276502299122e-26 3.750996276502299122e-26 9.208584979002462645e-02
2.106084937199443792e-08 9.666680376815928177e-02 1.927750444923718078e+03 4.574833200734707378e-26 4.574833200734707378e-26 9.666680376815928177e-02
2.214066220990690501e-08 1.014756444346139874e-01 1.927749250466577905e+03 5.579610661213550926e-26 5.579610661213550926e-26 1.014756444346139874e-01
2.327583823590005298e-08 1.065237083675253937e-01 1.927748056010177834e+03 6.805068898627428090e-26 6.805068898627428090e-26 1.065237083675254076e-01
2.446921598132564822e-08 1.118228961007609601e-01 1.927746861554517864e+03 8.299676362184425603e-26 8.299676362184425603e-26 1.118228961007609601e-01
2.572377951214995982e-08 1.173857001787747961e-01 1.927745667099597995e+03 1.012254669910789610e-25 1.012254669910789610e-25 1.173857001787747961e-01
2.704266589067301290e-08 1.232252346070961541e-01 1.927744472645418227e+03 1.234577677540329228e-25 1.234577677540329228e-25 1.232252346070961402e-01
2.842917301981834574e-08 1.293552657678783135e-01 1.927743278191978789e+03 1.505729819962401992e-25 1.505729819962401992e-25 1.293552657678783413e-01
2.988676788960813527e-08 1.357902448733892264e-01 1.927742083739279224e+03 1.836435513106824524e-25 1.836435513106824524e-25 1.357902448733892264e-01
3.141909524644411571e-08 1.425453420339522492e-01 1.927740889287319760e+03 2.239774592419333201e-25 2.239774592419333201e-25 1.425453420339522492e-01
3.302998670687205708e-08 1.496364820206489976e-01 1.927739694836100398e+03 2.731699637173908506e-25 2.731699637173908506e-25 1.496364820206489699e-01
3.472347033861891412e-08 1.570803818070939939e-01 1.927738500385621137e+03 3.331666915497802555e-25 3.331666915497802555e-25 1.570803818070939939e-01
3.650378073286028096e-08 1.648945899787827574e-01 1.927737305935881977e+03 4.063405904796395043e-25 4.063405904796395043e-25 1.648945899787827296e-01
3.837536959290403761e-08 1.730975281029202006e-01 1.927736111486882919e+03 4.955857823100296501e-25 4.955857823100296501e-25 1.730975281029202006e-01
4.034291686576738941e-08 1.817085341562545697e-01 1.927734917038623962e+03 6.044320291456349175e-25 6.044320291456349175e-25 1.817085341562545697e-01
4.241134244448210564e-08 1.907479081132973930e-01 1.927733722591104879e+03 7.371843400232186484e-25 7.371843400232186484e-25 1.907479081132974208e-01
4.458581847038973629e-08 2.002369598023999164e-01 1.927732528144326125e+03 8.990932395551943719e-25 8.990932395551943719e-25 2.002369598023999442e-01
4.687178226618903831e-08 2.101980591425045841e-01 1.927731333698287472e+03 1.096562432930132105e-24 1.096562432930132105e-24 2.101980591425045841e-01
4.927494993207486636e-08 2.206546888790023586e-01 1.927730139252988693e+03 1.337402080688020747e-24 1.337402080688020747e-24 2.206546888790023309e-01
5.180133063896607448e-08 2.316314999430169330e-01 1.927728944808430242e+03 1.631137700613359847e-24 1.631137700613359847e-24 2.316314999430169330e-01
5.445724165456282517e-08 2.431543695646230518e-01 1.927727750364611893e+03 1.989386914213187797e-24 1.989386914213187797e-24 2.431543695646230796e-01
5.724932413980639051e-08 2.552504622769969367e-01 1.927726555921533418e+03 2.426318938587749034e-24 2.426318938587749034e-24 2.552504622769969367e-01
6.018455975524068256e-08 2.679482939553139986e-01 1.927725361479195271e+03 2.959214997188180293e-24 2.959214997188180293e-24 2.679482939553139431e-01
6.327028811880025786e-08 2.812777990413598550e-01 1.927724167037597226e+03 3.609151814427363020e-24 3.609151814427363020e-24 2.812777990413598550e-01
6.651422515867811463e-08 2.952704011123357675e-01 1.927722972596739055e+03 4.401835227234751505e-24 4.401835227234751505e-24 2.952704011123357675e-01
6.992448240716530936e-08 3.099590869602182330e-01 1.927721778156620985e+03 5.368616883964213314e-24 5.368616883964213314e-24 3.099590869602182885e-01
7.350958728370673588e-08 3.253784843563121143e-01 1.927720583717243244e+03 6.547734242404102973e-24 6.547734242404102973e-24 3.253784843563120588e-01
7.727850441789147412e-08 3.415649436843220532e-01 1.927719389278605377e+03 7.985822910405505760e-24 7.985822910405505760e-24 3.415649436843220532e-01
8.124065806569624218e-08 3.585566236343888380e-01 1.927718194840707611e+03 9.739761144145344391e-24 9.739761144145344391e-24 3.585566236343888935e-01
8.540595567503422470e-08 3.763935811601085701e-01 1.927717000403550173e+03 1.187891945630265239e-23 1.187891945630265239e-23 3.763935811601086256e-01
8.978481265953541414e-08 3.951178659106037716e-01 1.927715805967132610e+03 1.448790430904432076e-23 1.448790430904432076e-23 3.951178659106038271e-01
9.438817844250578272e-08 4.147736193602648558e-01 1.927714611531454921e+03 1.766990440840624220e-23 1.766990440840624220e-23 4.147736193602649113e-01
9.922756383618892362e-08 4.354071788698558043e-01 1.927713417096517787e+03 2.155077195031598609e-23 2.155077195031598609e-23 4.354071788698557488e-01
1.043150698247923140e-07 4.570671869242996510e-01 1.927712222662320528e+03 2.628400023678545896e-23 2.628400023678545896e-23 4.570671869242997065e-01
1.096634178232509997e-07 4.798047058046704949e-01 1.927711028228863370e+03 3.205679453339529471e-23 3.205679453339529471e-23 4.798047058046705504e-01
1.152859814873911766e-07 5.036733379647195807e-01 1.927709833796146313e+03 3.909747627829130079e-23 3.909747627829130079e-23 5.036733379647195807e-01
1.211968201550358074e-07 5.287293523957204977e-01 1.927708639364169130e+03 4.768451348868060773e-23 4.768451348868060773e-23 5.287293523957203867e-01
1.274107140016724103e-07 5.550318172775302594e-01 1.927707444932932276e+03 5.815753452901739114e-23 5.815753452901739114e-23 5.550318172775302594e-01
1.339432009985902840e-07 5.826427392285834506e-01 1.927706250502435296e+03 7.093076084957309275e-23 7.093076084957309275e-23 5.826427392285835616e-01
1.408106157659022612e-07 6.116272094830957906e-01 1.927705056072678644e+03 8.650938997747671508e-23 8.650938997747671508e-23 6.116272094830956796e-01
1.480301304176032352e-07 6.420535573400766305e-01 1.927703861643662094e+03 1.055095767285878943e-22 1.055095767285878943e-22 6.420535573400766305e-01
1.556197975007996717e-07 6.739935112459060074e-01 1.927702667215385191e+03 1.286828029228286993e-22 1.286828029228286993e-22 6.739935112459060074e-01
1.635985951364806400e-07 7.075223678902126112e-01 1.927701472787848843e+03 1.569455994565547390e-22 1.569455994565547390e-22 7.075223678902126112e-01
1.719864744747053890e-07 7.427191697136887871e-01 1.927700278361052369e+03 1.914157962781483619e-22 1.914157962781483619e-22 7.427191697136886761e-01
1.808044095828707509e-07 7.796668912463122769e-01 1.927699083934996224e+03 2.334567339999885921e-22 2.334567339999885921e-22 7.796668912463123879e-01
1.900744498918043819e-07 8.184526347152458747e-01 1.927697889509679726e+03 2.847311857729017062e-22 2.847311857729017062e-22 8.184526347152460968e-01
1.998197753308269582e-07 8.591678353835652260e-01 1.927696695085103556e+03 3.472671221025759006e-22 3.472671221025759006e-22 8.591678353835652260e-01
2.100647542896494309e-07 9.019084771038747839e-01 1.927695500661267488e+03 4.235379196909966443e-22 4.235379196909966443e-22 9.019084771038747839e-01
2.208350045520400052e-07 9.467753185949755457e-01 1.927694306238171521e+03 5.165601866657286361e-22 5.165601866657286361e-22 9.467753185949753236e-01
2.321574573536275162e-07 9.938741309750204200e-01 1.927693111815815428e+03 6.300130733106700695e-22 6.300130733106700695e-22 9.938741309750203090e-01
2.440604247240182258e-07 1.043315947111122632e+00 1.927691917394199436e+03 7.683837871911028845e-22 7.683837871911028845e-22 1.043315947111122632e+00
2.565736702816169077e-07 1.095217323373252061e+00 1.927690722973323773e+03 9.371450679833738462e-22 9.371450679833738462e-22 1.095217323373252061e+00
2.697284836581760694e-07 1.149700614409484123e+00 1.927689528553188211e+03 1.142971641366941844e-21 1.142971641366941844e-21 1.149700614409484123e+00
2.835577587391734652e-07 1.206894261590372830e+00 1.927688334133792296e+03 1.394004213008587715e-21 1.394004213008587715e-21 1.206894261590373052e+00
2.980960759156591914e-07 1.266933095802436515e+00 1.927687139715136709e+03 1.700171443940336922e-21 1.700171443940336922e-21 1.266933095802436515e+00
3.133797885532457531e-07 1.329958655304579684e+00 1.927685945297221451e+03 2.073582641871372541e-21 2.073582641871372541e-21 1.329958655304579684e+00
3.294471138944575128e-07 1.396119519396775033e+00 1.927684750880046067e+03 2.529006699880292168e-21 2.529006699880292168e-21 1.396119519396774811e+00
3.463382286217434590e-07 1.465571658687614187e+00 1.927683556463610557e+03 3.084456225128909017e-21 3.084456225128909017e-21 1.465571658687614409e+00
3.640953693201105532e-07 1.538478802786464428e+00 1.927682362047915376e+03 3.761899960639410855e-21 3.761899960639410855e-21 1.538478802786464650e+00
3.827629380905862937e-07 1.615012826287042458e+00 1.927681167632960069e+03 4.588131677332313949e-21 4.588131677332313949e-21 1.615012826287042236e+00
4.023876135785991689e-07 1.695354153952344012e+00 1.927679973218745090e+03 5.595829902122706412e-21 5.595829902122706412e-21 1.695354153952344234e+00
4.230184676949061308e-07 1.779692186056125891e+00 1.927678778805269985e+03 6.824850395683752203e-21 6.824850395683752203e-21 1.779692186056125669e+00
4.447070883209299721e-07 1.868225744883663442e+00 1.927677584392534982e+03 8.323802499035161606e-21 8.323802499035161606e-21 1.868225744883663442e+00
4.675077083053337577e-07 1.961163543444387258e+00 1.927676389980540080e+03 1.015197169549129777e-20 1.015197169549129777e-20 1.961163543444387480e+00
4.914773410743910330e-07 2.058724677501352573e+00 1.927675195569285052e+03 1.238166442776636152e-20 1.238166442776636152e-20 2.058724677501352573e+00
5.166759231952484785e-07 2.161139142077487474e+00 1.927674001158770352e+03 1.510106791076861430e-20 1.510106791076861430e-20 2.161139142077487474e+00
5.431664642485636684e-07 2.268648373656244832e+00 1.927672806748995754e+03 1.841773804935725347e-20 1.841773804935725347e-20 2.268648373656245276e+00
5.710152043852764370e-07 2.381505819354867715e+00 1.927671612339961257e+03 2.246285341269460835e-20 2.246285341269460835e-20 2.381505819354867715e+00
6.002917799614893647e-07 2.499977534412073599e+00 1.927670417931666634e+03 2.739640351534995170e-20 2.739640351534995170e-20 2.499977534412073599e+00
6.310693976656303946e-07 2.624342809398685361e+00 1.927669223524112113e+03 3.341351660834451237e-20 3.341351660834451237e-20 2.624342809398684917e+00
6.634250175733048092e-07 2.754894828629834258e+00 1.927668029117297920e+03 4.075217725241090880e-20 4.075217725241090880e-20 2.754894828629834258e+00
6.974395455875716885e-07 2.891941361330903515e+00 1.927666834711223373e+03 4.970263891341424373e-20 4.970263891341424373e-20 2.891941361330903515e+00
7.331980357458429965e-07 3.035805487186600704e+00 1.927665640305889156e+03 6.061890386018805763e-20 6.061890386018805763e-20 3.035805487186600260e+00
7.707899028992801601e-07 3.186826357983592040e+00 1.927664445901295039e+03 7.393272440950757969e-20 7.393272440950757969e-20 3.186826357983592040e+00
8.103091462964959756e-07 3.345359997142240083e+00 1.927663251497440797e+03 9.017067928544429623e-20 9.017067928544429623e-20 3.345359997142240083e+00
8.518545846306379992e-07 3.511780139022295355e+00 1.927662057094326656e+03 1.099750004850742408e-19 1.099750004850742408e-19 3.511780139022295799e+00
8.955301031375940196e-07 3.686479109981143587e+00 1.927660862691952616e+03 1.341289743798615730e-19 1.341289743798615730e-19 3.686479109981143587e+00
9.414449133631929834e-07 3.869868753261687111e+00 1.927659668290318905e+03 1.635879216989431491e-19 1.635879216989431491e-19 3.869868753261686667e+00
9.897138262489554719e-07 4.062381399890196754e+00 1.927658473889425068e+03 1.995169816924919176e-19 1.995169816924919176e-19 4.062381399890197642e+00
1.040457539219250091e-06 4.264470887872997551e+00 1.927657279489271104e+03 2.433371948874104696e-19 2.433371948874104696e-19 4.264470887872997551e+00
1.093802937987721706e-06 4.476613632094678330e+00 1.927656085089857470e+03 2.967817070676035764e-19 2.967817070676035764e-19 4.476613632094679218e+00
1.149883413837669279e-06 4.699309747440048035e+00 1.927654890691183709e+03 3.619643174185278800e-19 3.619643174185278800e-19 4.699309747440048035e+00
1.208839197169732872e-06 4.933084227787564835e+00 1.927653696293250050e+03 4.414630820032867903e-19 4.414630820032867903e-19 4.933084227787565723e+00
1.270817708150938562e-06 5.178488183653590760e+00 1.927652501896056492e+03 5.384222791952606977e-19 5.384222791952606977e-19 5.178488183653591648e+00
1.335973925341904388e-06 5.436100141405224129e+00 1.927651307499603035e+03 6.566767699312646119e-19 6.566767699312646119e-19 5.436100141405225017e+00
1.404470773223965279e-06 5.706527407104478478e+00 1.927650113103889680e+03 8.009036713931631659e-19 8.009036713931631659e-19 5.706527407104478478e+00
1.476479529595241322e-06 5.990407498199012082e+00 1.927648918708916199e+03 9.768073430071072884e-19 9.768073430071072884e-19 5.990407498199011194e+00
1.552180253854346638e-06 6.288409646434547362e+00 1.927647724314682819e+03 1.191345001194545487e-18 1.191345001194545487e-18 6.288409646434548250e+00
1.631762237242675479e-06 6.601236375532023359e+00 1.927646529921189767e+03 1.453001886228557860e-18 1.453001886228557860e-18 6.601236375532023359e+00
1.715424476171102536e-06 6.929625157348707987e+00 1.927645335528436590e+03 1.772126864398523878e-18 1.772126864398523878e-18 6.929625157348707987e+00
1.803376169814662967e-06 7.274350150427690842e+00 1.927644141136423286e+03 2.161341738980339849e-18 2.161341738980339849e-18 7.274350150427690842e+00
1.895837243219456938e-06 7.636224025034165308e+00 1.927642946745150311e+03 2.636040458787398310e-18 2.636040458787398310e-18 7.636224025034166196e+00
1.993038897229818866e-06 8.016099878981023608e+00 1.927641752354617438e+03 3.214997968642517908e-18 3.214997968642517908e-18 8.016099878981023608e+00
2.095224186610854891e-06 8.414873248760148527e+00 1.927640557964824438e+03 3.921112782589936530e-18 3.921112782589936530e-18 8.414873248760148527e+00
2.202648627811958361e-06 8.833484220720603020e+00 1.927639363575771313e+03 4.782312649572874453e-18 4.782312649572874453e-18 8.833484220720603020e+00
2.315580837891024191e-06 9.272919647270617460e+00 1.927638169187458743e+03 5.832659131818830369e-18 5.832659131818830369e-18 9.272919647270619237e+00
2.434303206197011092e-06 9.734215473328017509e+00 1.927636974799885820e+03 7.113694783428262816e-18 7.113694783428262816e-18 9.734215473328017509e+00
2.559112600490403865e-06 1.021845917850357921e+01 1.927635780413053226e+03 8.676086211812302621e-18 8.676086211812302621e-18 1.021845917850357566e+01
2.690321109267247066e-06 1.072679234077454780e+01 1.927634586026960733e+03 1.058162800717225190e-17 1.058162800717225190e-17 1.072679234077454780e+01
2.828256822142941847e-06 1.126041332769211145e+01 1.927633391641607886e+03 1.290568679800878714e-17 1.290568679800878714e-17 1.126041332769210968e+01
2.973264650247182283e-06 1.182058012146718617e+01 1.927632197256995369e+03 1.574018209819942227e-17 1.574018209819942227e-17 1.182058012146718440e+01
3.125707188681433154e-06 1.240861328459449275e+01 1.927631002873122952e+03 1.919722184197925368e-17 1.919722184197925368e-17 1.240861328459449453e+01
3.285965623195552260e-06 1.302589907300620631e+01 1.927629808489990637e+03 2.341353639690885368e-17 2.341353639690885368e-17 1.302589907300620453e+01
3.454440683350715895e-06 1.367389270409426594e+01 1.927628614107597969e+03 2.855588642574421059e-17 2.855588642574421059e-17 1.367389270409426771e+01
3.631553644552051256e-06 1.435412178730561905e+01 1.927627419725945629e+03 3.482765848510008863e-17 3.482765848510008863e-17 1.435412178730562083e+01
3.817747381456583501e-06 1.506818992539766988e+01 1.927626225345033390e+03 4.247690922531579171e-17 4.247690922531579171e-17 1.506818992539766811e+01
4.013487475390560301e-06 1.581778049484383430e+01 1.927625030964861253e+03 5.180617634997268362e-17 5.180617634997268362e-17 1.581778049484383430e+01
4.219263378545278646e-06 1.660466061430129159e+01 1.927623836585429217e+03 6.318444437112923127e-17 6.318444437112923127e-17 1.660466061430129159e+01
4.435589637862505628e-06 1.743068531049624070e+01 1.927622642206736828e+03 7.706173842128043696e-17 7.706173842128043696e-17 1.743068531049624070e+01
4.663007181669850359e-06 1.829780189134773849e+01 1.927621447828784767e+03 9.398692332607300179e-17 9.398692332607300179e-17 1.829780189134773849e+01
4.902084672283341335e-06 1.920805453663927764e+01 1.927620253451572808e+03 1.146294119139903706e-16 1.146294119139903706e-16 1.920805453663927764e+01
5.153419927959414359e-06 2.016358911706051771e+01 1.927619059075100949e+03 1.398056411545723776e-16 1.398056411545723776e-16 2.016358911706051771e+01
5.417641417751947798e-06 2.116665825297977932e+01 1.927617864699368965e+03 1.705113632904850318e-16 1.705113632904850318e-16 2.116665825297978287e+01
5.695409833012251610e-06 2.221962662487297990e+01 1.927616670324377083e+03 2.079610291192380002e-16 2.079610291192380002e-16 2.221962662487298346e+01
5.987419739461582321e-06 2.332497654792819830e+01 1.927615475950125301e+03 2.536358210839892797e-16 2.536358210839892797e-16 2.332497654792819830e+01
6.294401313967230556e-06 2.448531382396758715e+01 1.927614281576613394e+03 3.093422359439474147e-16 3.093422359439474147e-16 2.448531382396758360e+01
6.617122170365021529e-06 2.570337388448223237e+01 1.927613087203841815e+03 3.772835340443219270e-16 3.772835340443219270e-16 2.570337388448223237e+01
6.956389278893736092e-06 2.698202823926188998e+01 1.927611892831810110e+03 4.601468810963316333e-16 4.601468810963316333e-16 2.698202823926188998e+01
7.313050984041042542e-06 2.832429124582185764e+01 1.927610698460518506e+03 5.612096290367333572e-16 5.612096290367333572e-16 2.832429124582185764e+01
7.687999125846594207e-06 2.973332721558545444e+01 1.927609504089967004e+03 6.844689395115381664e-16 6.844689395115381664e-16 2.973332721558545089e+01
8.082171269966668893e-06 3.121245787357466384e+01 1.927608309720155376e+03 8.347998767593923347e-16 8.347998767593923347e-16 3.121245787357466384e+01
8.496553052076668815e-06 3.276517018919475532e+01 1.927607115351084076e+03 1.018148222671468298e-15 1.018148222671468298e-15 3.276517018919475532e+01
8.932180642473698604e-06 3.439512459657330368e+01 1.927605920982752423e+03 1.241765640111429223e-15 1.241765640111429223e-15 3.439512459657330368e+01
9.390143337042030697e-06 3.610616362383302658e+01 1.927604726615160871e+03 1.514496485507206500e-15 1.514496485507206500e-15 3.610616362383302658e+01
9.871586281060199647e-06 3.790232095164101622e+01 1.927603532248309648e+03 1.847127614521414000e-15 1.847127614521414000e-15 3.790232095164100912e+01
1.037771333266068173e-05 3.978783092238968067e+01 1.927602337882198299e+03 2.252815016064515630e-15 2.252815016064515630e-15 3.978783092238968777e+01
1.090979007310228518e-05 4.176713852242677660e+01 1.927601143516827051e+03 2.747604148574611924e-15 2.747604148574611924e-15 4.176713852242677660e+01
1.146914697138251102e-05 4.384490986086685638e+01 1.927599949152195904e+03 3.351064558532852461e-15 3.351064558532852461e-15 4.384490986086686348e+01
1.205718271110305597e-05 4.602604316968766085e+01 1.927598754788304632e+03 4.087063881192867227e-15 4.087063881192867227e-15 4.602604316968766796e+01
1.267536768790736118e-05 4.831568035104338321e+01 1.927597560425153461e+03 4.984711836248425395e-15 4.984711836248425395e-15 4.831568035104338321e+01
1.332524768623561015e-05 5.071921909901689673e+01 1.927596366062742391e+03 6.079511554681912127e-15 6.079511554681912127e-15 5.071921909901688963e+01
1.400844774459099688e-05 5.324232562438768923e+01 1.927595171701071422e+03 7.414763773251120539e-15 7.414763773251120539e-15 5.324232562438769634e+01
1.472667621898242850e-05 5.589094801241281374e+01 1.927593977340140327e+03 9.043279434312009750e-15 9.043279434312009750e-15 5.589094801241281374e+01
1.548172905470439014e-05 5.867133024511188921e+01 1.927592782979949561e+03 1.102946842650287944e-14 1.102946842650287944e-14 5.867133024511188211e+01
1.627549427713564191e-05 6.159002692111205590e+01 1.927591588620498442e+03 1.345188707866999776e-14 1.345188707866999776e-14 6.159002692111205590e+01
1.710995671278610266e-05 6.465391870775495420e+01 1.927590394261787651e+03 1.640634516369560008e-14 1.640634516369560008e-14 6.465391870775495420e+01
1.798720295239696965e-05 6.787022856189247477e+01 1.927589199903816734e+03 2.000969529822509706e-14 2.000969529822509706e-14 6.787022856189247477e+01
1.890942656850443478e-05 7.124653875761147503e+01 1.927588005546585919e+03 2.440445461392588930e-14 2.440445461392588930e-14 7.124653875761147503e+01
1.987893360051358685e-05 7.479080876102909770e+01 1.927586811190095204e+03 2.976444149331935419e-14 2.976444149331935419e-14 7.479080876102911191e+01
2.089814832099811802e-05 7.851139399429756338e+01 1.927585616834344364e+03 3.630165031033712923e-14 3.630165031033712923e-14 7.851139399429754917e+01
2.196961929764447319e-05 8.241706553305371585e+01 1.927584422479333625e+03 4.427463608043116795e-14 4.427463608043116795e-14 8.241706553305371585e+01
2.309602576599857794e-05 8.651703078374877975e+01 1.927583228125062988e+03 5.399874064393225999e-14 5.399874064393225999e-14 8.651703078374876554e+01
2.428018432895024048e-05 9.082095518960407787e+01 1.927582033771532451e+03 6.585856484135928557e-14 6.585856484135928557e-14 9.082095518960407787e+01
2.552505599970749606e-05 9.533898501636333833e+01 1.927580839418741789e+03 8.032317997125188968e-14 8.032317997125188968e-14 9.533898501636333833e+01
2.683375360587192873e-05 1.000817712715577841e+02 1.927579645066691228e+03 9.796468016324542084e-14 9.796468016324542084e-14 1.000817712715577841e+02
2.820954957312909122e-05 1.050604948136721504e+02 1.927578450715380541e+03 1.194808094366011757e-13 1.194808094366011757e-13 1.050604948136721362e+02
2.965588410801724099e-05 1.102868927104054819e+02 1.927577256364810182e+03 1.457225583734552752e-13 1.457225583734552752e-13 1.102868927104054677e+02
3.117637380023561834e-05 1.157732859081644250e+02 1.927576062014979698e+03 1.777278218907014579e-13 1.777278218907014579e-13 1.157732859081644250e+02
3.277482066600246848e-05 1.215326082780185999e+02 1.927574867665889315e+03 2.167624493186687656e-13 2.167624493186687656e-13 1.215326082780185999e+02
3.445522165507600886e-05 1.275784371065926592e+02 1.927573673317539033e+03 2.643703103699981007e-13 2.643703103699981007e-13 1.275784371065926450e+02
3.622177864521071102e-05 1.339250251037743737e+02 1.927572478969928625e+03 3.224343571721659893e-13 3.224343571721659893e-13 1.339250251037743737e+02
3.807890894904034665e-05 1.405873340026968492e+02 1.927571284623058318e+03 3.932510974455705897e-13 3.932510974455705897e-13 1.405873340026968492e+02
4.003125635966046599e-05 1.475810698312037061e+02 1.927570090276927885e+03 4.796214243371437282e-13 4.796214243371437282e-13 1.475810698312037061e+02
4.208370276252996946e-05 1.549227199379484716e+02 1.927568895931537554e+03 5.849613953462127710e-13 5.849613953462127710e-13 1.549227199379485000e+02
4.424138034272762809e-05 1.626295918604147346e+02 1.927567701586887324e+03 7.134373417915908488e-13 7.134373417915908488e-13 1.626295918604147346e+02
4.650968441808798429e-05 1.707198541264863252e+02 1.927566507242977195e+03 8.701306525730651726e-13 8.701306525730651726e-13 1.707198541264863252e+02
4.889428693030627295e-05 1.792125790857559764e+02 1.927565312899807168e+03 1.061238749636966176e-12 1.061238749636966176e-12 1.792125790857559764e+02
5.140115062774701512e-05 1.881277878715427221e+02 1.927564118557376787e+03 1.294320203983920335e-12 1.294320203983920335e-12 1.881277878715427221e+02
5.403654397542079500e-05 1.974864975996161149e+02 1.927562924215686735e+03 1.578593686872118569e-12 1.578593686872118569e-12 1.974864975996161149e+02
5.680705682941189716e-05 2.073107709148941922e+02 1.927561729874736557e+03 1.925302580120636699e-12 1.925302580120636699e-12 2.073107709148941922e+02
5.971961691495099024e-05 2.176237680029181831e+02 1.927560535534526707e+03 2.348159666319167377e-12 2.348159666319167377e-12 2.176237680029181547e+02
6.278150714933672079e-05 2.284498011887205280e+02 1.927559341195056504e+03 2.863889487013856437e-12 2.863889487013856437e-12 2.284498011887204996e+02
6.600038385302245208e-05 2.398143922517972726e+02 1.927558146856326630e+03 3.492889819832922977e-12 3.492889819832922977e-12 2.398143922517973010e+02
6.938429589440539807e-05 2.517443325923034934e+02 1.927556952518336402e+03 4.260038436823046370e-12 4.260038436823046370e-12 2.517443325923034649e+02
7.294170481619007636e-05 2.642677463903102648e+02 1.927555758181086730e+03 5.195677052326211459e-12 5.195677052326211459e-12 2.642677463903102648e+02
7.668150599365251537e-05 2.774141569070160358e+02 1.927554563844576705e+03 6.336811376800849259e-12 6.336811376800849259e-12 2.774141569070160926e+02
8.061305087771178835e-05 2.912145560842164969e+02 1.927553369508806782e+03 7.728574740259184085e-12 7.728574740259184085e-12 2.912145560842164969e+02
8.474617037842834379e-05 3.057014776061072325e+02 1.927552175173776959e+03 9.426013173509919707e-12 9.426013173509919707e-12 3.057014776061072325e+02
8.909119944739976257e-05 3.209090735956599474e+02 1.927550980839487011e+03 1.149626254946496115e-11 1.149626254946496115e-11 3.209090735956599474e+02
9.365900292052304135e-05 3.368731951263796418e+02 1.927549786505937163e+03 1.402120389324868018e-11 1.402120389324868018e-11 3.368731951263796418e+02
9.846100268574355943e-05 3.536314767392434533e+02 1.927548592173127417e+03 1.710070188203916474e-11 1.710070188203916474e-11 3.536314767392435101e+02
1.035092062437243570e-04 3.712234251640681464e+02 1.927547397841057546e+03 2.085655462147492808e-11 2.085655462147492808e-11 3.712234251640682032e+02
1.088162367328521761e-04 3.896905124544578598e+02 1.927546203509727775e+03 2.543731091736312215e-11 2.543731091736312215e-11 3.896905124544578598e+02
1.143953644936585679e-04 4.090762737558967501e+02 1.927545009179138106e+03 3.102414557198051885e-11 3.102414557198051885e-11 4.090762737558967501e+02
1.202605402515834231e-04 4.294204740100055915e+02 1.927530492660040181e+03 3.783750204844906165e-11 3.783750204844906165e-11 4.294204740100055915e+02
1.264264300010551744e-04 4.507548501985910434e+02 1.927469831815858697e+03 4.614496185025913529e-11 4.614496185025913529e-11 4.507548501985910434e+02
1.329084516781160199e-04 4.731491563041309973e+02 1.927409172880719780e+03 5.627637631668525769e-11 5.627637631668525769e-11 4.731491563041308837e+02
1.397228137132929286e-04 4.966560515381689243e+02 1.927348515854563402e+03 6.863220608165678222e-11 6.863220608165678222e-11 4.966560515381689243e+02
1.468865555611165228e-04 5.213308113159382629e+02 1.927287860737329538e+03 8.370083541143772682e-11 8.370083541143772682e-11 5.213308113159382629e+02
1.544175903076328623e-04 5.472314572340357017e+02 1.927227207528958388e+03 1.020778763870309453e-10 1.020778763870309453e-10 5.472314572340357017e+02
1.623347494624490048e-04 5.744188935056155287e+02 1.927166556229389471e+03 1.244897114403481475e-10 1.244897114403481475e-10 5.744188935056155287e+02
1.706578300473160666e-04 6.029570501739307247e+02 1.927105906838562760e+03 1.518222048011781170e-10 1.518222048011781170e-10 6.029570501739306110e+02
1.794076440989952751e-04 6.329130334409761645e+02 1.927045259356418455e+03 1.851557177215867289e-10 1.851557177215867289e-10 6.329130334409762781e+02
1.886060707101904323e-04 6.643572834647277432e+02 1.926984613782896531e+03 2.258078115114415107e-10 2.258078115114415107e-10 6.643572834647277432e+02
1.982761107386759301e-04 6.973475897819670308e+02 1.926901657217939828e+03 2.753789486561664720e-10 2.753789486561664720e-10 6.973475897819670308e+02
2.084419443214219673e-04 7.319173953748476151e+02 1.926741421967318502e+03 3.358053992949539318e-10 3.358053992949539318e-10 7.319173953748477288e+02
2.191289913375315613e-04 7.682009395340334095e+02 1.926581200041370494e+03 4.094912365158316027e-10 4.094912365158316027e-10 7.682009395340334095e+02
2.303639749711792605e-04 8.062831778970614778e+02 1.926420991438988040e+03 4.993459698245676840e-10 4.993459698245676840e-10 8.062831778970613641e+02
2.421749885334907441e-04 8.462532776308627263e+02 1.926260796159063148e+03 6.089175429042367182e-10 6.089175429042367182e-10 8.462532776308627263e+02
2.545915657104540425e-04 8.882048262110818087e+02 1.926100614200488053e+03 7.425324253378820493e-10 7.425324253378820493e-10 8.882048262110819223e+02
2.676447544125177950e-04 9.322360505512643840e+02 1.925940445562154991e+03 9.054664446822611714e-10 9.054664446822611714e-10 9.322360505512644977e+02
2.813671944105394567e-04 9.784500469950004344e+02 1.925780290242955971e+03 1.104153104253272457e-09 1.104153104253272457e-09 9.784500469950005481e+02
2.957931989522139481e-04 1.026955022709533068e+03 1.925620148241783909e+03 1.346437612119303378e-09 1.346437612119303378e-09 1.026955022709533068e+03
3.109588405630655627e-04 1.077864549046034199e+03 1.925460019557530813e+03 1.641886651720797653e-09 1.641886651720797653e-09 1.077864549046034426e+03
3.269020412465514303e-04 1.131232281180535210e+03 1.925244128393328992e+03 2.002050121982132210e-09 2.002050121982132210e-09 1.131232281180534983e+03
3.436626673088226240e-04 1.187004131202641247e+03 1.924835098990321967e+03 2.440728986553366644e-09 2.440728986553366644e-09 1.187004131202641247e+03
3.612826290452550004e-04 1.245525636893733008e+03 1.924426156488009610e+03 2.975528894303568209e-09 2.975528894303568209e-09 1.245525636893732781e+03
3.798059855380178803e-04 1.306932361379204849e+03 1.924017300867929862e+03 3.627511390905435834e-09 3.627511390905435834e-09 1.306932361379204849e+03
3.992790548267286573e-04 1.371366551298016702e+03 1.923608532111623617e+03 4.422352918951760658e-09 4.422352918951760658e-09 1.371366551298016930e+03
4.197505297276779394e-04 1.438977466312313027e+03 1.923199850200636320e+03 5.391356010292123064e-09 5.391356010292123064e-09 1.438977466312313027e+03
4.412715995912331875e-04 1.509921724862474093e+03 1.922791255116517277e+03 6.572682045602717712e-09 6.572682045602717712e-09 1.509921724862474093e+03
4.638960783018779396e-04 1.584363666968535426e+03 1.922382746840819436e+03 8.012854129855090868e-09 8.012854129855090868e-09 1.584363666968535426e+03
4.876805388409534577e-04 1.662475734918389662e+03 1.921974325355099609e+03 9.768589270082072785e-09 9.768589270082072785e-09 1.662475734918389890e+03
5.126844547485796258e-04 1.744438872724621888e+03 1.921565990640919381e+03 1.190903201045646580e-08 1.190903201045646580e-08 1.744438872724621660e+03
5.389703488384838675e-04 1.830202074111354023e+03 1.921031334280339934e+03 1.451656697828177861e-08 1.451656697828177861e-08 1.830202074111354023e+03
5.666039495376013748e-04 1.919306577231332767e+03 1.920059134469704077e+03 1.768696852304258474e-08 1.768696852304258474e-08 1.919306577231332312e+03
5.956543552413800808e-04 2.012749187377070029e+03 1.919087426672110723e+03 2.154978212156652699e-08 2.154978212156652699e-08 2.012749187377069802e+03
6.261942070957597596e-04 2.110741107932321484e+03 1.918116210638560915e+03 2.625622977063461258e-08 2.625622977063461258e-08 2.110741107932321484e+03
6.582998706378749391e-04 2.213503824846268344e+03 1.917145486120181886e+03 3.199056017733163858e-08 3.199056017733163858e-08 2.213503824846268344e+03
6.920516267496740290e-04 2.321269607246480518e+03 1.916175252868226380e+03 3.897726175462018962e-08 3.897726175462018962e-08 2.321269607246480518e+03
7.275338724019413117e-04 2.434282032424522640e+03 1.915205510634072880e+03 4.748985092685857851e-08 4.748985092685857851e-08 2.434282032424522640e+03
7.648353316906837673e-04 2.552796536380812086e+03 1.914236259169226059e+03 5.786157979114370207e-08 5.786157979114370207e-08 2.552796536380811631e+03
8.040492776935857224e-04 2.677080991173085749e+03 1.913267498225317013e+03 7.049848231958551958e-08 7.049848231958551958e-08 2.677080991173085295e+03
8.452737657012866735e-04 2.807416310373420856e+03 1.912299227554100980e+03 8.589526983716444325e-08 8.589526983716444325e-08 2.807416310373420856e+03
8.886118784066826580e-04 2.943306703576808104e+03 1.911074869029241199e+03 1.046266021647186459e-07 1.046266021647186459e-07 2.943306703576808559e+03
9.341719836653521051e-04 3.082906065458620105e+03 1.908963344520687770e+03 1.273242323330105568e-07 1.273242323330105568e-07 3.082906065458620560e+03
9.820680054716407221e-04 3.229126545626925690e+03 1.906854153011129483e+03 1.549458723094914944e-07 1.549458723094914944e-07 3.229126545626925235e+03
1.032419708827987540e-03 3.382282179953898321e+03 1.904747291922863724e+03 1.885597337273303834e-07 1.885597337273303834e-07 3.382282179953898321e+03
1.085352999219814894e-03 3.542701898854411866e+03 1.902642758681034366e+03 2.294657653887292203e-07 2.294657653887292203e-07 3.542701898854411866e+03
1.141000237444821487e-03 3.710730233725716971e+03 1.900540550713631092e+03 2.792459261826131111e-07 2.792459261826131111e-07 3.710730233725716971e+03
1.199500570583922170e-03 3.886728056893158737e+03 1.898440665451485074e+03 3.398253641778998525e-07 3.398253641778998525e-07 3.886728056893158737e+03
1.261000279941426995e-03 4.071073356651097583e+03 1.896343100328266246e+03 4.135468678713081815e-07 4.135468678713081815e-07 4.071073356651097583e+03
1.325653146824498294e-03 4.264162049063581435e+03 1.894247852780479889e+03 5.032614688426825854e-07 5.032614688426825854e-07 4.264162049063580525e+03
1.393620837076517622e-03 4.466408828268247817e+03 1.892154920247463224e+03 6.124386996941542361e-07 6.124386996941542361e-07 4.466408828268247817e+03
1.465073305325903996e-03 4.675846404874496329e+03 1.889579090770059793e+03 7.449181594027213596e-07 7.449181594027213596e-07 4.675846404874496329e+03
1.540189219961209588e-03 4.886405420779693486e+03 1.885329253450072201e+03 9.044446501260930809e-07 9.044446501260930809e-07 4.886405420779693486e+03
1.619156409895155212e-03 5.106446163700718898e+03 1.881088974405435010e+03 1.098134224298684328e-06 1.098134224298684328e-06 5.106446163700718898e+03
1.702172334234748011e-03 5.336395607266873412e+03 1.876858232138707535e+03 1.333303010204054811e-06 1.333303010204054811e-06 5.336395607266873412e+03
1.789444576031901058e-03 5.576699952246119210e+03 1.872637005200797830e+03 1.618833907261662806e-06 1.618833907261662806e-06 5.576699952246119210e+03
1.881191361349187274e-03 5.827825492366383514e+03 1.868425272190856049e+03 1.965512114833512787e-06 1.965512114833512787e-06 5.827825492366383514e+03
1.977642104938666639e-03 6.090259519125827865e+03 1.864223011756163714e+03 2.386432515545813665e-06 2.386432515545813665e-06 6.090259519125827865e+03
2.079037983898261634e-03 6.364511267347830653e+03 1.860030202592027308e+03 2.897494300988685941e-06 2.897494300988685941e-06 6.364511267347830653e+03
2.185632540740125706e-03 6.651112903315438416e+03 1.855846823441669130e+03 3.518001523014672882e-06 3.518001523014672882e-06 6.651112903315439326e+03
2.297692317378988592e-03 6.950620557402731720e+03 1.851672853096120662e+03 4.271392254925400805e-06 4.271392254925400805e-06 6.950620557402731720e+03
2.415497521625778552e-03 7.257052495438911137e+03 1.846673440507023997e+03 5.181438076687175499e-06 5.181438076687175499e-06 7.257052495438911137e+03
2.539342727853102864e-03 7.553305765335707292e+03 1.838806393213827732e+03 6.265724360363278303e-06 6.265724360363278303e-06 7.553305765335706383e+03
2.669537613584617181e-03 7.861652925965649956e+03 1.830972860472666525e+03 7.576912273966770567e-06 7.576912273966770567e-06 7.861652925965649956e+03
2.806407733850137254e-03 8.182587683923490658e+03 1.823172699507584184e+03 9.162484064980434440e-06 9.162484064980434440e-06 8.182587683923490658e+03
2.950295335242788738e-03 8.516623900294140185e+03 1.815405768150867289e+03 1.107985828600192201e-05 1.107985828600192201e-05 8.516623900294140185e+03
3.101560211713758237e-03 8.864296413415560892e+03 1.807671924840453357e+03 1.339846910152826328e-05 1.339846910152826328e-05 8.864296413415560892e+03
3.260580604244578320e-03 9.226161895229190122e+03 1.799971028617351521e+03 1.620228071792294161e-05 1.620228071792294161e-05 9.226161895229190122e+03
3.427754146646598814e-03 9.602799742588942536e+03 1.792302939123072747e+03 1.959282799200054269e-05 1.959282799200054269e-05 9.602799742588944355e+03
3.603498859852635391e-03 9.994813004956013174e+03 1.784667516597071426e+03 2.369289332825062956e-05 2.369289332825062956e-05 9.994813004956013174e+03
3.788254197187035377e-03 1.040282934996471340e+04 1.777064621874198792e+03 2.865095301673936535e-05 2.865095301673936535e-05 1.040282934996471522e+04
3.982482143227892082e-03 1.081998491810518135e+04 1.768879761259205907e+03 3.462250015512190323e-05 3.462250015512190323e-05 1.081998491810518317e+04
4.186668369009127234e-03 1.122514832543601187e+04 1.758484444330951874e+03 4.173188780245088304e-05 4.173188780245088304e-05 1.122514832543601005e+04
4.401323446451048393e-03 1.163761342351038547e+04 1.747559420472768807e+03 5.026712443317404942e-05 5.026712443317404942e-05 1.163761342351038729e+04
4.626984125056098074e-03 1.205664006864495786e+04 1.736083612248143481e+03 6.050490498589531345e-05 6.050490498589531345e-05 1.205664006864495968e+04
4.864214674062185793e-03 1.248146460351411952e+04 1.724041698931589963e+03 7.277362508677139583e-05 7.277362508677139583e-05 1.248146460351411770e+04
5.113608293409702306e-03 1.291121795890386238e+04 1.711418013531769475e+03 8.746208869195671654e-05 8.723428199163872437e-05 1.287758896599627951e+04
5.375788597050350399e-03 1.334494690838917995e+04 1.698198367788413179e+03 1.050300698987901953e-04 1.047426577513743299e-04 1.330842879646383699e+04
5.651411172306853962e-03 1.378162437666445294e+04 1.684370784118690835e+03 1.260205542505515039e-04 1.256582507142203894e-04 1.374200281431101757e+04
5.941165219182742256e-03 1.422020792341440210e+04 1.669928859292203697e+03 1.510744755604472337e-04 1.506181679093702324e-04 1.417725699043060013e+04
6.245775273721347089e-03 1.465856828605732153e+04 1.654810529236371849e+03 1.809342879100393417e-04 1.803601481912361524e-04 1.461205379523843112e+04
6.566003019723307133e-03 1.509562277349400392e+04 1.639024770513453859e+03 2.164833640198040806e-04 2.157616796540097991e-04 1.504529892991883753e+04
6.902649193352810610e-03 1.552980045104209239e+04 1.622558780225031569e+03 2.587518961088127400e-04 2.578456857554558201e-04 1.547541141596278067e+04
7.256555585395092246e-03 1.595912560769386801e+04 1.605386287556125808e+03 3.089377155323435676e-04 3.078010416758655203e-04 1.590040723198743581e+04
7.628607146171864466e-03 1.638152518328118094e+04 1.587485148590579684e+03 3.684345453564965645e-04 3.670104415754898487e-04 1.631820595264390431e+04
8.019734198378073234e-03 1.679559480593546323e+04 1.568872678473020187e+03 4.388797786253266866e-04 4.370976381280210253e-04 1.672739364667096743e+04
8.430914763373218226e-03 1.719871949266454249e+04 1.549514211209870155e+03 5.221442118478037244e-04 5.199168026880213438e-04 1.712535166732962534e+04
8.863177006744176259e-03 1.758865097966586836e+04 1.529400662625522045e+03 6.203989557041619460e-04 6.176186528037170154e-04 1.750982786611279153e+04
9.317601809254724005e-03 1.796285290190270098e+04 1.508516853804392667e+03 7.361359250795370193e-04 7.326702442520803028e-04 1.787828493994401288e+04
9.795325469610446575e-03 1.831838519333119621e+04 1.486837838376176251e+03 8.721959357073114181e-04 8.678822290497750737e-04 1.822778612386900568e+04
1.029754254579737238e-02 1.865252856895877630e+04 1.464354984229751153e+03 1.031831442399134017e-03 1.026470433726520875e-03 1.855561703543170370e+04
1.082550884209916575e-02 1.896222529996517915e+04 1.441052042992542511e+03 1.218721628387937038e-03 1.212069876838124324e-03 1.885872995813409943e+04
1.138054454926194087e-02 1.924437767851258832e+04 1.416917132316727702e+03 1.437021480485368638e-03 1.428782424403929720e-03 1.913404146635513462e+04
1.196403754565879274e-02 1.949570186757639021e+04 1.391936600593781804e+03 1.691384847774408820e-03 1.681198393993601700e-03 1.937828798258163079e+04
1.257744686770864359e-02 1.971291612378013451e+04 1.366101460570696418e+03 1.987003385538687553e-03 1.974433758799595037e-03 1.958821377077041325e+04
1.322230635822726520e-02 1.989256340285751867e+04 1.339400311392789945e+03 2.329606966038221330e-03 2.314128892164099473e-03 1.976039580103295157e+04
1.390022850183326129e-02 2.003126825578125499e+04 1.311827542942143282e+03 2.725489571356214287e-03 2.706472462869453834e-03 1.989150004475924652e+04
1.461290845699952066e-02 2.012555832814603855e+04 1.283376231451172998e+03 3.181472600876729742e-03 3.158163091968889391e-03 1.997810557906503163e+04
1.536212829483237126e-02 2.017220230221180100e+04 1.254048063623178678e+03 3.704910636420851843e-03 3.676413103497840409e-03 2.001704120504907041e+04
1.614976145517757825e-02 2.016802944685649709e+04 1.223845962074725549e+03 4.303601609250787621e-03 4.268857530996160270e-03 2.000520777864330012e+04
1.697777743119579727e-02 2.011023693628413093e+04 1.192782121978619216e+03 4.985743757761308508e-03 4.943509776512249043e-03 1.993988414421394191e+04
1.784824669412133497e-02 1.999629738829645430e+04 1.160873299333379009e+03 5.759788363219551718e-03 5.708614476873442520e-03 1.981863665054675948e+04
1.876334587051869604e-02 1.982427333403185912e+04 1.128148236326943334e+03 6.634350138553604150e-03 6.572558256832146742e-03 1.963963141319749047e+04
1.972536318498274710e-02 1.959264135281394920e+04 1.094640534622941459e+03 7.617952709183950163e-03 7.543618490200265994e-03 1.940146089418061092e+04
2.073670418189208983e-02 1.930086217061660500e+04 1.060402853817243795e+03 8.718989713558450080e-03 8.629926921701275636e-03 1.910370760034655177e+04
2.179989774052299573e-02 1.894915163974750249e+04 1.025498242057011794e+03 9.945426207830591545e-03 9.839178597224251463e-03 1.874671666685964738e+04
2.291760239856483611e-02 1.853888630713508610e+04 9.900094875762215452e+02 1.130476246834548511e-02 1.117860265483587058e-02 1.833199452628314975e+04
2.409261299984907095e-02 1.807248374059825437e+04 9.540342338096829735e+02 1.280382752890067179e-02 1.265476803292197618e-02 1.786208764526065352e+04
2.532786768291460031e-02 1.755380819648986289e+04 9.176946784393105645e+02 1.444899010706702895e-02 1.427380401510989875e-02 1.734097788557394233e+04
2.662645522788451707e-02 1.698801913159983815e+04 8.811328873516941940e+02 1.624624726130595442e-02 1.604150318658999902e-02 1.677392684293693310e+04
2.799162278002529161e-02 1.638180868423819629e+04 8.445171369802424124e+02 1.820188387458119769e-02 1.796398879329431583e-02 1.616770163161572964e+04
2.942678396930130044e-02 1.574325194122190806e+04 8.080388950783866449e+02 2.032324756375662733e-02 2.004849624833819274e-02 1.553041788671142785e+04
3.093552744622780903e-02 1.508176912934217944e+04 7.719135934496645177e+02 2.262013135441284795e-02 2.230475038015740027e-02 1.487149170137402871e+04
3.252162585536651218e-02 1.440784397991162405e+04 7.363758629603387362e+02 2.510649015958567321e-02 2.474666528778896035e-02 1.420135153194357008e+04
3.418904526890203383e-02 1.373279939429213846e+04 7.016767487646036443e+02 2.780291005849524696e-02 2.739477254542882143e-02 1.353120644663182975e+04
3.594195510388818043e-02 1.306608783338282228e+04 6.680174938112747896e+02 3.073413002828481733e-02 3.027380672885716592e-02 1.287038928403267346e+04
3.778473854796238901e-02 1.241391889024923694e+04 6.355167511636232121e+02 3.392566949012858213e-02 3.340944464487882043e-02 1.222502436128712907e+04
3.972200351959786352e-02 1.179437253990401223e+04 6.045990671073880094e+02 3.744885442434378597e-02 3.687216970203253952e-02 1.161274790658576239e+04
4.175859419029996633e-02 1.121885629858206630e+04 5.755218892102311656e+02 4.138628585585756026e-02 4.074344397531705353e-02 1.104459686622777372e+04
4.389960309755814444e-02 1.069466488052665227e+04 5.484393976031202556e+02 4.583732032345175927e-02 4.512097913909551145e-02 1.052752969782509899e+04
4.615038387884227988e-02 1.022435378513971591e+04 5.233840586900990957e+02 5.091339775647935051e-02 5.011412002503274482e-02 1.006384400463004567e+04
4.851656465848494526e-02 9.805593764754663425e+03 5.002614139885899363e+02 5.673019569195676681e-02 5.583620732999042963e-02 9.651071352114668116e+03
5.100406212092376684e-02 9.432150045755321116e+03 4.788758211785000753e+02 6.340087591068446771e-02 6.239809161375652058e-02 9.282965798435519901e+03
5.361909630549440559e-02 9.095295653879611564e+03 4.589691247982494247e+02 7.103061096267475338e-02 6.990298905280034614e-02 8.950906431865325430e+03
5.636820615976875781e-02 8.784919370593313943e+03 4.402521161005470276e+02 7.970960948463037821e-02 7.844001620955924625e-02 8.644995531710401337e+03
5.925826589032989755e-02 8.490752320682589925e+03 4.224381673732788727e+02 8.950828713391094371e-02 8.807993978735377538e-02 8.355259351977054394e+03
6.229650215186910422e-02 8.195821659091896436e+03 4.050828108786170674e+02 1.003815149578044658e-01 9.878428537633411610e-02 8.065413099270303974e+03
6.549051211758681601e-02 7.882798276087956765e+03 3.877441667880430032e+02 1.121723533580701593e-01 1.104106872175171644e-01 7.758998976170757487e+03
6.884828247608283658e-02 7.534374376415792540e+03 3.699867454928453867e+02 1.245652164083207725e-01 1.226702997923294625e-01 7.419759625937056626e+03
7.237820940223785304e-02 7.132681810886114363e+03 3.513552884503638438e+02 1.370082167041171972e-01 1.350568101301801160e-01 7.031091099683562788e+03
7.608911955202410371e-02 6.669020596095408109e+03 3.315954786387843569e+02 1.488332598151252406e-01 1.469634455459877254e-01 6.585236703387281523e+03
7.999029213374279912e-02 6.156869121874659868e+03 3.109675222445363261e+02 1.596401140512562211e-01 1.580468706988489291e-01 6.095422217640308190e+03
8.409148211087830171e-02 5.625456354221095353e+03 2.901158480984486232e+02 1.694665699856179319e-01 1.683844389804969588e-01 5.589534928895886878e+03
8.840294459458790388e-02 5.111045486840122976e+03 2.699012825513395342e+02 1.788875838282016906e-01 1.785622757928674031e-01 5.101751023075522426e+03
9.293546048682140015e-02 4.645681081800476932e+03 2.511494741400625799e+02 1.889139450340407700e-01 1.895741226641392274e-01 4.661915853279223484e+03
9.770036343819146762e-02 4.251081722342873036e+03 2.344848590663924597e+02 2.008437171800703525e-01 2.026771385567979200e-01 4.289888134678745701e+03
1.027095681880036276e-01 3.936891096907591873e+03 2.202415629228417231e+02 2.161007979143310664e-01 2.192377687709332335e-01 3.994039949460702701e+03
1.079756003573106582e-01 3.700828660319499704e+03 2.084152868518267496e+02 2.360185402990561399e-01 2.405299131071735319e-01 3.771568093605172180e+03
1.135116277694894621e-01 3.529309029429811744e+03 1.986471900440319587e+02 2.615056044274439162e-01 2.674297638096793661e-01 3.609262150301857218e+03
1.193314933766584096e-01 3.378756348242412969e+03 1.897027040015838679e+02 2.908655995267171446e-01 2.984219089754089893e-01 3.466532037635020970e+03
1.254497498742680184e-01 3.207496065018404806e+03 1.803996337730246182e+02 3.208084437000423561e-01 3.305654224974754474e-01 3.305047958410886622e+03
1.318816960904198310e-01 2.994224885563735825e+03 1.701187937574399314e+02 3.479431140230821451e-01 3.608798870660633318e-01 3.105552301520628589e+03
1.386434152409053433e-01 2.725956281183438932e+03 1.584262095316467196e+02 3.680331078607156914e-01 3.856745757427462729e-01 2.856623520502888368e+03
1.457518151456230204e-01 2.436680357278450629e+03 1.461922569716851967e+02 3.822176494709252914e-01 4.062152033523178107e-01 2.589667453103203570e+03
1.532246705069348347e-01 2.170861410158101990e+03 1.346786146745362771e+02 3.956292984089052056e-01 4.273875503840411927e-01 2.345122426579701823e+03
1.610806673556805235e-01 1.966696130499661422e+03 1.251148110392325350e+02 4.164259478195255770e-01 4.567413795023378409e-01 2.157097818735412147e+03
1.693394497759879991e-01 1.826794110773734928e+03 1.176907676435973684e+02 4.494012693252862345e-01 4.987183481160298859e-01 2.027265616407788457e+03
1.780216690257157008e-01 1.725985509063367090e+03 1.116538410920300350e+02 4.933169177258096005e-01 5.523567182892014094e-01 1.932550166728408840e+03
1.871490351753539449e-01 1.623612475107445562e+03 1.056948402850997866e+02 5.391572084514298924e-01 6.098496049652228912e-01 1.836494831266050141e+03
1.967443713945095651e-01 1.488137563204588560e+03 9.876240068530471206e+01 5.741432824912080513e-01 6.602200377234651585e-01 1.711242242273703141e+03
2.068316710217179000e-01 1.328671064010012515e+03 9.108279276981043893e+01 5.955782893489370844e-01 7.016313354203312924e-01 1.565263995762476497e+03
2.174361575602866414e-01 1.187529559983719537e+03 8.404411645008217135e+01 6.184576732309288172e-01 7.478538283405887777e-01 1.435989181057226915e+03
2.285843477501925958e-01 1.079532061048397964e+03 7.820965593920529102e+01 6.531986381104541994e-01 8.084297116731302690e-01 1.336080239511584750e+03
2.403041178737435057e-01 1.000454467441008774e+03 7.348501179695492169e+01 7.033171794335446592e-01 8.867941269967204443e-01 1.261446715646661232e+03
2.526247734608038087e-01 9.264718532618965128e+02 6.901980383462777979e+01 7.567114403657660970e-01 9.729891439085142091e-01 1.191269230613060699e+03
2.655771225678841274e-01 8.341094560511930922e+02 6.391850807676998869e+01 7.915261859584288295e-01 1.049066522924543499e+00 1.105505190252877810e+03
2.791935528143294487e-01 7.472613599208248161e+02 5.904850025146485137e+01 8.238704775175232919e-01 1.129841715180104567e+00 1.024781297085383812e+03
2.935081123682377058e-01 6.779406010726966088e+02 5.489413324487689039e+01 8.684048316044786775e-01 1.228598309729217686e+00 9.591340884594280851e+02
3.085565950846147487e-01 6.197250807337451306e+02 5.122561108416820730e+01 9.223034475742675209e-01 1.343793875333103127e+00 9.029379322722966208e+02
3.243766300086560750e-01 5.631947433118803019e+02 4.766223562230339894e+01 9.738173865436527965e-01 1.466748875808060015e+00 8.482753214600566025e+02
3.410077754679600170e-01 5.053321241305166609e+02 4.406472540872411514e+01 1.015172889419329483e+00 1.592539416785978101e+00 7.927332719713873530e+02
3.584916179889516274e-01 4.566477489398167222e+02 4.088375494382442810e+01 1.065831612606496615e+00 1.738573056997147148e+00 7.448788940531034086e+02
3.768718762848602410e-01 4.145183457902394935e+02 3.801802006364506070e+01 1.124074782112313597e+00 1.904887908728792878e+00 7.024541404249675907e+02
3.961945105752745500e-01 3.733809741109456013e+02 3.521690704451117426e+01 1.176380468098504606e+00 2.082539446179799025e+00 6.609941495339172661e+02
4.165078375106314734e-01 3.362060735660363662e+02 3.261635291547553095e+01 1.230680580560585380e+00 2.279897740239954729e+00 6.228386792525807323e+02
4.378626509890087282e-01 3.032028548288714092e+02 3.023129594567530276e+01 1.289487841089914211e+00 2.501085020499619560e+00 5.880909413959594758e+02
4.603123491673278833e-01 2.730856806016889209e+02 2.800251814421807239e+01 1.349357619835073852e+00 2.745905311346388267e+00 5.557217818271734586e+02
4.839130679845602967e-01 2.453493819145428176e+02 2.590583581505305588e+01 1.408501384192121675e+00 3.015813997738252539e+00 5.253300483894869330e+02
5.087238215308145239e-01 2.207788078643938832e+02 2.398508810207793474e+01 1.472562939116840219e+00 3.317937343913943682e+00 4.974525922792841470e+02
5.348066496133005998e-01 1.982051778304801246e+02 2.218082142251319411e+01 1.535944948967901791e+00 3.651541034821019327e+00 4.712111203258499472e+02
5.622267728881630289e-01 1.779132689757407206e+02 2.051076216408113240e+01 1.601817987410115496e+00 4.022505780603879977e+00 4.467780724938377830e+02
5.910527559460934111e-01 1.595964321406738122e+02 1.896036613543131111e+01 1.669445236453260595e+00 4.434258124829960401e+00 4.239083501877238973e+02
6.213566787595206087e-01 1.430392961655564932e+02 1.751944379488966419e+01 1.738395286599415224e+00 4.890826342360289125e+00 4.024288164331555322e+02
6.532143169200866906e-01 1.281235410550707456e+02 1.618320739679347042e+01 1.809115425605720695e+00 5.397182741727975852e+00 3.822344084872175358e+02
6.867053311170956409e-01 1.145654395340336862e+02 1.493600490630202238e+01 1.879468890343260368e+00 5.957126159334440452e+00 3.631242742619665478e+02
7.219134663307302802e-01 1.024420635547749754e+02 1.378492143685189397e+01 1.952558283330890987e+00 6.578013610946439549e+00 3.451191670689571538e+02
7.589267612381233041e-01 9.160158969444705690e+01 1.272254931705337988e+01 2.028490000229676404e+00 7.265695377400486876e+00 3.281008270832604694e+02
7.978377683559074729e-01 8.190826056586908521e+01 1.174205176767555336e+01 2.107374574249510690e+00 8.026420973180032448e+00 3.119664574660221774e+02
8.387437854697157302e-01 7.319984708995781375e+01 1.083409719746616240e+01 2.188106110097577606e+00 8.866250944086830899e+00 2.966072853475135958e+02
8.817470989293253458e-01 6.526803067406419245e+01 9.984938551841896270e+00 2.266746147429695935e+00 9.790492778483034897e+00 2.819046074942336304e+02
9.269552394178111054e-01 5.819569298874937147e+01 9.202335558460355003e+00 2.348212489867887776e+00 1.080909851828845447e+01 2.678816255213986324e+02
9.744812508342628465e-01 5.188970231618414886e+01 8.481071695216645168e+00 2.432606714176650087e+00 1.192993758537938298e+01 2.544763632971867651e+02
1.024443972962415517e+00 4.626701854006181236e+01 7.816339302393292776e+00 2.520034047766374741e+00 1.316124240680060531e+01 2.416361981241547312e+02
1.076968338632009248e+00 4.125359963606427272e+01 7.203707536701510428e+00 2.610603499896695823e+00 1.451158216092294140e+01 2.293167080241242388e+02
1.132185686115938283e+00 3.678342665324498029e+01 6.639092837031901340e+00 2.704427997595343580e+00 1.598982875825229755e+01 2.174806257922514021e+02
1.190234087544344233e+00 3.279763434684190315e+01 6.118731705050697300e+00 2.801624526461770071e+00 1.760511435051485662e+01 2.060968904465380263e+02
1.251258694156860196e+00 2.924373601430777825e+01 5.639155619208101378e+00 2.902314276531393844e+00 1.936677973234890970e+01 1.951397884507948390e+02
1.315412099256315637e+00 2.607493232684532813e+01 5.197167914945014289e+00 3.006622793381974912e+00 2.128431314801200713e+01 1.845881785302122182e+02
1.382854719771475116e+00 2.324949505483541756e+01 4.789822476991140832e+00 3.114680134670870348e+00 2.336727927455610043e+01 1.744247949865832936e+02
1.453755197382919251e+00 2.073021757177523838e+01 4.414404101725532215e+00 3.226621032298186087e+00 2.562523855936228401e+01 1.646356251158076134e+02
1.528290820215085777e+00 1.848392490071563543e+01 4.068410398702802411e+00 3.342585060397901930e+00 2.806765767661167743e+01 1.552093566084828069e+02
1.606647966148927464e+00 1.648103685127111007e+01 3.749535110707955532e+00 3.462716809366758408e+00 3.070381265330606269e+01 1.461368906763707969e+02
1.689022568863693285e+00 1.469517849439222168e+01 3.455652741157678953e+00 3.587166066147557508e+00 3.354268719246151420e+01 1.374109161341820595e+02
1.775620607773184645e+00 1.310283284545853277e+01 3.184804386380550856e+00 3.716088000991835560e+00 3.659286983741011312e+01 1.290255388697021885e+02
1.866658623081579371e+00 1.168303118206715574e+01 2.935184678339755493e+00 3.849643360934786873e+00 3.986245476736678484e+01 1.209759602062984243e+02
1.962364257246732802e+00 1.041707691848189299e+01 2.705129750763594743e+00 3.987998670223562137e+00 4.335895201604409976e+01 1.132581968064138351e+02
2.062976824204896253e+00 9.288299400598557298e+00 2.493106148470864980e+00 4.131326437949058850e+00 4.708921352960288687e+01 1.058688342281658805e+02
2.168747907780211204e+00 8.281834379286911130e+00 2.297700605964914544e+00 4.279805373139720537e+00 5.105938146621739548e+01 9.880480628067081739e+01
2.279941990775312455e+00 7.384428271284981804e+00 2.117610627164702386e+00 4.433620607585998741e+00 5.527486425238709700e+01 9.206319313348002709e+01
2.396837116316099081e+00 6.584263630063935224e+00 1.951635803480881393e+00 4.592963926672736896e+00 5.974034402191519177e+01 8.564103282125142869e+01
2.519725583104375222e+00 5.870803528387351200e+00 1.798669812366898713e+00 4.758034008508270851e+00 6.445981623575681851e+01 7.953514327963500818e+01
2.648914676316854955e+00 5.234652803321979242e+00 1.657693043010243006e+00 4.929036671646868761e+00 6.943665883617826751e+01 7.374195508037661284e+01
2.784727435978163079e+00 4.667434336514745929e+00 1.527765800010015163e+00 5.106185131715155201e+00 7.467372481157694608e+01 6.825735813145799113e+01
2.927503464729159788e+00 4.161678740536816967e+00 1.408022039738875186e+00 5.289700267260760924e+00 8.017344929782299801e+01 6.307656816839607927e+01
3.077599777010434856e+00 3.710725998636957623e+00 1.297663597638739175e+00 5.479810895156447259e+00 8.593796105909063954e+01 5.819402028155459305e+01
3.235391691784369250e+00 3.308637762650635139e+00 1.195954867971399604e+00 5.676754055901493956e+00 9.196918884168826480e+01 5.360329656797755860e+01
3.401273771028035853e+00 2.950119154165190771e+00 1.102217900561518249e+00 5.880775309176719645e+00 9.826895563753204499e+01 4.929709316281937248e+01
3.575660806343659459e+00 2.630449039184022286e+00 1.015827881848877290e+00 6.092129040022414621e+00 1.048390576951879751e+02 4.526722870962872491e+01
3.758988856153679503e+00 2.345417858114369203e+00 9.362089701282201304e-01 6.311078776019587444e+00 1.116813290944088948e+02 4.150469245785271255e+01
3.951716336073938241e+00 2.091272192396500973e+00 8.628304572161009656e-01 6.537897515870287890e+00 1.187976956972480025e+02 3.799972650678135722e+01
4.154325165191496971e+00 1.864665337803374623e+00 7.952032309600571836e-01 6.772868069788534839e+00 1.261902235259986895e+02 3.474193404537059138e+01
4.367321971113375056e+00 1.662613233536540891e+00 7.328765150103422332e-01 7.016283412123078378e+00 1.338611660093878299e+02 3.172040423556595101e+01
4.591239356799459159e+00 1.482455166773910760e+00 6.754348641230347727e-01 7.268447046654267218e+00 1.418130126843356891e+02 2.892384467001641468e+01
4.826637232347322559e+00 1.321818735208778683e+00 6.224953949663168951e-01 7.529673385019478360e+00 1.500485397926976532e+02 2.634071372648186227e+01
5.074104215059111134e+00 1.178588606191169008e+00 5.737052339715882354e-01 7.800288138739229993e+00 1.585708616011570484e+02 2.395934706935680580e+01
5.334259101291400462e+00 1.050878661077701448e+00 5.287391652177635404e-01 8.080628725331843398e+00 1.673834805739939782e+02 2.176807448171684456e+01
5.607752413768399613e+00 9.370071579746394042e-01 4.872974626705680046e-01 8.371044689025175956e+00 1.764903346344073611e+02 1.975532481418840192e+01
5.895268028227604873e+00 8.354745858054568597e-01 4.491038923272721584e-01 8.671898136586751349e+00 1.858958402879635230e+02 1.790971800190840568e+01
6.197524883465360013e+00 7.449439180759297452e-01 4.139038709500979518e-01 8.983564188820059471e+00 1.956049309880743579e+02 1.622014387859199758e+01
6.515278779058323977e+00 6.642230063088209180e-01 3.814627691149761191e-01 9.306431448284440577e+00 2.056230905967750857e+02 1.467582801868467435e+01
6.849324265256092836e+00 5.922488812975933437e-01 3.515643472646026169e-01 9.640902483827066050e+00 2.159563820941122287e+02 1.326638516662418077e+01
7.200496629770682944e+00 5.280737554507115572e-01 3.240093143410662235e-01 9.987394332528980456e+00 2.266114718579779606e+02 1.198186103281192594e+01
7.569673986430897727e+00 4.708525418990118783e-01 2.986139993904268763e-01 1.034633901968853209e+01 2.375956499265408581e+02 1.081276338414699900e+01
7.957779470924283949e+00 4.198317260124607708e-01 2.752091272847793646e-01 1.071818409749525358e+01 2.489168467029004717e+02 9.750083450169444887e+00
8.365783549117194795e+00 3.743394427812409830e-01 2.536386904011945220e-01 1.110339320306380806e+01 2.605836465836311504e+02 8.785308713835677352e+00
8.794706443724944478e+00 3.337766293955851116e-01 2.337589087365670726e-01 1.150244663652065569e+01 2.726052989972488376e+02 7.910428166281022300e+00
9.245620685400012917e+00 2.976091365177868653e-01 2.154372715269806116e-01 1.191584195986987282e+01 2.849917273294906295e+02 7.117931084591902824e+00
9.719653794617324039e+00 2.653606943639356119e-01 1.985516539833611371e-01 1.234409461738226987e+01 2.977535361927199915e+02 6.400800347249199440e+00
1.021799110106274533e+01 2.366066409695004868e-01 1.829895032558948587e-01 1.278773857827698102e+01 3.109020174694679781e+02 5.752501239668244004e+00
1.074187870757469554e+01 2.109683300500141412e-01 1.686470882012684469e-01 1.324732700250768858e+01 3.244491555274760799e+02 5.166966627668495349e+00
1.129262660605032664e+01 1.881081448167309655e-01 1.554288079518570675e-01 1.372343293046991519e+01 3.384076319677083120e+02 4.638579294538725861e+00
1.187161195310759432e+01 1.677250520872190231e-01 1.432465546781588328e-01 1.421664999750177572e+01 3.527908302293946576e+02 4.162152151633222275e+00
1.248028251369414221e+01 1.495506381452473832e-01 1.320191262968360424e-01 1.472759317406081259e+01 3.676128403386821901e+02 3.732906946388594882e+00
1.312016028125377076e+01 1.333455741484589341e-01 1.216716852097335100e-01 1.525689953250270570e+01 3.828884640510000281e+02 3.346452007823308428e+00
1.379284528350282635e+01 1.188964645387388386e-01 1.121352594660465912e-01 1.580522904141976959e+01 3.986332206026424956e+02 2.998759489858540572e+00
1.450001958333289842e+01 1.060130369536914502e-01 1.033462830225660434e-01 1.637326538852582303e+01 4.148633532549050642e+02 2.686142498500383891e+00
1.524345148484420598e+01 9.452563663474562727e-02 9.524617203756731432e-02 1.696171683311561651e+01 4.315958367847495651e+02 2.405232420891113332e+00
1.602499995502691021e+01 8.428299233712983896e-02 8.778093437408809874e-02 1.757131708916231361e+01 4.488483860496418174e+02 2.152956712919837035e+00
1.684661927214688859e+01 7.515022432220939963e-02 8.090080970969404373e-02 1.820282624015360540e+01 4.666394657309288618e+02 1.926517347614879361e+00
1.771036391245932862e+01 6.700706820052318435e-02 7.455993785384021355e-02 1.885703168680404573e+01 4.849883013399039555e+02 1.723370078816823803e+00
1.861839368746950285e+01 5.974629123632169830e-02 6.871605306198086405e-02 1.953474912883288184e+01 5.039148915533795048e+02 1.541204633369481547e+00
1.957297914458652244e+01 5.327228025874963108e-02 6.333020230882344115e-02 2.023682358202147213e+01 5.234400219310030025e+02 1.377925909861047682e+00
2.057650724467454140e+01 4.749978258468858655e-02 5.836648564286574248e-02 2.096413043182644387e+01 5.435852800544920456e+02 1.231636232315499679e+00
2.163148733069822427e+01 4.235278337315178526e-02 5.379181689151495138e-02 2.171757652485914392e+01 5.643730721191802786e+02 1.100618682648285995e+00
2.274055740238721057e+01 3.776350462773139099e-02 4.957570312174448129e-02 2.249810129959305272e+01 5.858266410005497846e+02 9.833215156193095829e-01
2.390649071260952852e+01 3.367151266551068195e-02 4.569004138625860911e-02 2.330667795770738238e+01 6.079700858125033847e+02 8.783436439047546118e-01
2.513220270194827322e+01 3.002292229919435729e-02 4.210893140035742999e-02 2.414431467752829974e+01 6.308283829698191312e+02 7.844211682536003094e-01
2.642075828882165567e+01 2.676968725277091912e-02 3.880850290088084381e-02 2.501205587108198358e+01 6.544274087642496625e+02 7.004149180121913565e-01
2.777537953337548515e+01 2.386896746658190294e-02 3.576675653647468089e-02 2.591098348632807458e+01 6.787939634619679055e+02 6.252989601469560732e-01
2.919945369431184545e+01 2.128256496017736504e-02 3.296341722860947343e-02 2.684221835618762242e+01 7.039557969292553707e+02 5.581500298684024530e-01
3.069654169880018202e+01 1.897642082416586481e-02 3.037979902592816486e-02 2.780692159606564573e+01 7.299416357933752124e+02 4.981378326989979177e-01
3.227038704665002911e+01 1.692016671719980339e-02 2.799868055107946480e-02 2.880629605158916817e+01 7.567812121463066433e+02 4.445161660155072525e-01
3.392492517101044314e+01 1.508672496202509428e-02 2.580419020982792355e-02 2.984158779838501729e+01 7.845052938003112786e+02 3.966148074553362268e-01
3.566429327900274870e+01 1.345195197446924333e-02 2.378170039728169649e-02 3.091408769575459559e+01 8.131457161060650378e+02 3.538321178666498090e-01
3.749284069689331034e+01 1.199432032988704926e-02 2.191772999606361044e-02 3.202513299619237586e+01 8.427354153462139266e+02 3.156283074985103410e-01
3.941513974567467216e+01 1.069463528036525106e-02 2.019985451651090322e-02 3.317610901274074564e+01 8.733084637196258200e+02 2.815193156964465593e-01
4.143599717424964268e+01 9.535781989667225025e-03 1.861662327994249161e-02 3.436845084628221514e+01 9.049001059342615463e+02 2.510712563452456303e-01
4.356046617880728888e+01 8.502500157383231089e-03 1.715748309296045646e-02 3.560364517489678349e+01 9.375467974293948146e+02 2.238953835636489365e-01
4.579385903844548977e+01 7.581183064444908630e-03 1.581270790403711823e-02 3.688323210753944892e+01 9.712862442508607046e+02 1.996435346060066174e-01
4.814176039863571788e+01 6.759698393738101767e-03 1.457333397349970007e-02 3.820880710432638239e+01 1.006157444606057538e+03 1.780040094834859643e-01
5.061004123574566194e+01 6.027228466307155141e-03 1.343110012478910230e-02 3.958202296585821500e+01 1.042200732128515256e+03 1.586978494178878651e-01
5.320487353753816961e+01 5.374127789298343075e-03 1.237839267871998147e-02 4.100459189400670112e+01 1.079457820885019601e+03 1.414754788339088742e-01
5.593274573635549984e+01 4.791796039781458585e-03 1.140819470370781769e-02 4.247828762679272074e+01 1.117971852161440211e+03 1.261136781416632158e-01
5.880047893357987476e+01 4.272564811835724910e-03 1.051403924367694254e-02 4.400494764997807806e+01 1.157787443066620881e+03 1.124128570309562980e-01
6.181524395593986299e+01 3.809596635538335663e-03 9.689966211889052689e-03 4.558647548814986550e+01 1.198950736996901924e+03 1.001946003706060684e-01
6.498457928631233926e+01 3.396794938089893814e-03 8.930482663360619910e-03 4.722484307813202520e+01 1.241509456007048584e+03 8.929946106498085068e-02
6.831640991385627615e+01 3.028723761407697401e-03 8.230526181064871591e-03 4.892209322771734037e+01 1.285512955136595110e+03 7.958497635611694321e-02
7.181906715061361979e+01 2.700536178988005315e-03 7.585431131860082866e-03 5.068034216273788672e+01 1.331012278743816978e+03 7.092388606775663906e-02
7.550130946412892285e+01 2.407910469402966668e-03 6.990897567225490793e-03 5.250178216571023171e+01 1.378060218902792940e+03 6.320253316526423804e-02
7.937234437818035815e+01 2.146993205931855154e-03 6.442962561503719383e-03 5.438868430928491193e+01 1.426711375922232264e+03 5.631942875308350305e-02
8.344185149638506971e+01 1.914348512908207837e-03 5.937973796605649536e-03 5.634340128794976721e+01 1.477022221048020583e+03 5.018396525167509448e-02
8.772000670625017449e+01 1.706912820566319202e-03 5.472565217101947078e-03 5.836837035149596176e+01 1.529051161414666467e+03 4.471526299266675303e-02
9.221750762419186742e+01 1.521954522579333597e-03 5.043634593428812998e-03 6.046611634392092327e+01 1.582858607314160736e+03 3.984113684932585192e-02
9.694560034514860547e+01 1.357038005040685181e-03 4.648322843652271177e-03 6.263925485154263839e+01 1.638507041854041745e+03 3.549717078519754737e-02
1.019161075636763059e+02 1.209991573206654122e-03 4.283994975958440969e-03 6.489049546425633253e+01 1.696061093079838429e+03 3.162588936311475779e-02
1.071414581368428571e+02 1.078878853645089423e-03 3.948222524840202911e-03 6.722264515400711105e+01 1.755587608640440749e+03 2.817601631629067238e-02
1.126347181628447629e+02 9.619732952006105654e-04 3.638767363906215274e-03 6.963861177467551045e+01 1.817155733078394405e+03 2.510181124945680062e-02
1.184096236530583610e+02 8.577354329937956438e-04 3.353566787415275877e-03 7.214140768774690571e+01 1.880836987830612770e+03 2.236247641757130311e-02
1.244806148792231397e+02 7.647926160565909730e-04 3.090719761095635752e-03 7.473415351829734732e+01 1.946705354028558759e+03 1.992162632890945653e-02
1.308628724816426256e+02 6.819209316480637391e-04 2.848474250602172839e-03 7.742008204596034204e+01 2.014837358190572786e+03 1.774681364456561980e-02
1.375723554286923616e+02 6.080290882219251559e-04 2.625215543148180699e-03 8.020254223573381580e+01 2.085312160902706182e+03 1.580910550347673985e-02
1.446258409225535786e+02 5.421440448095764513e-04 2.419455484468558629e-03 8.308500341366507769e+01 2.158211648588253865e+03 1.408270499665573508e-02
1.520409663509574614e+02 4.833981975796552825e-04 2.229822559371646886e-03 8.607105959258360883e+01 2.233620528469981309e+03 1.254461305170619795e-02
1.598362733898413239e+02 4.310179548413962817e-04 2.055052749761557447e-03 8.916443395333411104e+01 2.311626426833065580e+03 1.117432647385360397e-02
1.680312543671965386e+02 3.843135500418315854e-04 1.893981109193113846e-03 9.236898348702953854e+01 2.392319990700800645e+03 9.953568327309442881e-03
1.766464010040413939e+02 3.426699586102024291e-04 1.745533997799611882e-03 9.568870380417072852e+01 2.475794993039320161e+03 8.866047235088081110e-03
1.857032556543975375e+02 3.055387990382678982e-04 1.608721925833942303e-03 9.912773411659111389e+01 2.562148441611871476e+03 7.897242530401357014e-03
1.952244651723957247e+02 2.724311115464390855e-04 1.482632958121281536e-03 1.026903623984670020e+02 2.651480691607577683e+03 7.034212512131098570e-03
2.052338375412075209e+02 2.429109192418162555e-04 1.366426635459642601e-03 1.063810307327826337e+02 2.743895562174211136e+03 6.265423343993608771e-03
2.157564014054041763e+02 2.165894869787940641e-04 1.259328372451337663e-03 1.102043408499891228e+02 2.839500456989108443e+03 5.580596394950289654e-03
2.268184686556049598e+02 1.931202023200842641e-04 1.160624294422848805e-03 1.141650598656773212e+02 2.938406489007253185e+03 4.970572050007154158e-03
2.384477002219088320e+02 1.721940111885569152e-04 1.069656479018610577e-03 1.182681262244940257e+02 3.040728609530495305e+03 4.427188228356487669e-03
2.506731752406277849e+02 1.535353481043882505e-04 9.858185707507024099e-04 1.225186558576633900e+02 3.146585741746967415e+03 3.943172032189801168e-03
2.635254637672741751e+02 1.368985074151264528e-04 9.085517392729939050e-04 1.269219485618313712e+02 3.256100918895107043e+03 3.512043116582056791e-03
2.770367032176226871e+02 1.220644077332975666e-04 8.373409544388610640e-04 1.314834946071045749e+02 3.369401427212130329e+03 3.128027520544414668e-03
2.912406787279896321e+02 1.088377069744065088e-04 7.717115533141038564e-04 1.362089815826852259e+02 3.486618953832406078e+03 2.785980833417094852e-03
3.061729076356712085e+02 9.704423000461665861e-05 7.112260762613486055e-04 1.411043014884304796e+02 3.607889739807076239e+03 2.481319690809299580e-03
3.218707282907874969e+02 8.652867502439435447e-05 6.554813510070871870e-04 1.461755580813207303e+02 3.733354738422213813e+03 2.209960701720070902e-03
3.383733934216057264e+02 7.715256848470892863e-05 6.041058052547946654e-04 1.514290744859886502e+02 3.863159778999040100e+03 1.968266004585364406e-03
3.557221682868074026e+02 6.879244160516214811e-05 5.567569899308975022e-04 1.568714010787371649e+02 3.997455736366207930e+03 1.752994735956791726e-03
3.739604338601288305e+02 6.133820448165432072e-05 5.131192965546528279e-04 1.625093236549128335e+02 4.136398706200684501e+03 1.561259772376867930e-03
3.931337953053915157e+02 5.469169637308954541e-05 4.729018535167613005e-04 1.683498718897798767e+02 4.280150186440726429e+03 1.390489174718818367e-03
4.132901960131666783e+02 4.876539307669069495e-05 4.358365872443307381e-04 1.744003281035705868e+02 4.428877264981504595e+03 1.238391825656319284e-03
4.344800374842239421e+02 4.348125436998119352e-05 4.016764353283504697e-04 1.806682363414298891e+02 4.582752813871222315e+03 1.102926805783998069e-03
4.567563053595364408e+02 3.876969634211380021e-05 3.701936997034289295e-04 1.871614117798001473e+02 4.741955690233270616e+03 9.822761029095014758e-04
4.801747019119821971e+02 3.456867508167695935e-05 3.411785289024547971e-04 1.938879504707554702e+02 4.906670944147667797e+03 8.748202927985953767e-04
5.047937853310404535e+02 3.082286965462985491e-05 3.144375192697667644e-04 2.008562394366775834e+02 5.077090033733271412e+03 7.791168687289720587e-04
5.306751161487666195e+02 2.748295361339801686e-05 2.897924258088222633e-04 2.080749671276312540e+02 5.253411047680539014e+03 6.938809320919226515e-04
5.578834111731881649e+02 2.450494544406218227e-05 2.670789740715080436e-04 2.155531342545707219e+02 5.435838935493393365e+03 6.179679874181653269e-04
5.864867053140341113e+02 2.184962939804824711e-05 2.461457651696835505e-04 2.233000650120085027e+02 5.624585745707632668e+03 5.503586129930040450e-04
6.165565217054472669e+02 1.948203908153194663e-05 2.268532666099932289e-04 2.313254187038440080e+02 5.819870872362666887e+03 4.901448030231308215e-04
6.481680505510738612e+02 1.737099700227600667e-05 2.090728822254912084e-04 2.396392017872048825e+02 6.021921310012971844e+03 4.365177994419551077e-04
6.814003371387379957e+02 1.548870401040968652e-05 1.926860950044109321e-04 2.482517803490067934e+02 6.230971917575567204e+03 3.887572511779124993e-04
7.163364794948340659e+02 1.381037322674389993e-05 1.775836771026350117e-04 2.571738930309779221e+02 6.447265691320124461e+03 3.462215563163199058e-04
7.530638361726760195e+02 1.231390363801849647e-05 1.636649617740809192e-04 2.664166644192092690e+02 6.671054047318912126e+03 3.083392582884368930e-04
7.916742446943842424e+02 1.097958906083432703e-05 1.508371723659569764e-04 2.759916189148480612e+02 6.902597113684880242e+03 2.746013812257971551e-04
8.322642511925265580e+02 9.789858641787966233e-06 1.390148039063129318e-04 2.859106951034661392e+02 7.142164032937454976e+03 2.445546021061465337e-04
8.749353518257387350e+02 8.729045476580177748e-06 1.281190531616704302e-04 2.961862606406298823e+02 7.390033274847486609e+03 2.177951684526431217e-04
9.197942465719874008e+02 7.783180301190617019e-06 1.180772933658579747e-04 3.068311276726897745e+02 7.646492960124923229e+03 1.939634802761056823e-04
9.669531060340927979e+02 6.939807538335570795e-06 1.088225901186913353e-04 3.178585688116326651e+02 7.911841195325449917e+03 1.727392638012282449e-04
1.016529851924663262e+03 6.187821276833216953e-06 1.002932552277199774e-04 3.292823336840554589e+02 8.186386419365295296e+03 1.538372724080944111e-04
1.068648451931798945e+03 5.517319023981930320e-06 9.243243551915036459e-05 3.411166660750904498e+02 8.470447762047009746e+03 1.370034572538284586e-04
1.123439229702883949e+03 4.919471305087545581e-06 8.518773387704585334e-05 3.533763216882005054e+02 8.764355415012891172e+03 1.220115563084832555e-04
1.181039190721587374e+03 4.386405392978960150e-06 7.851085998488997373e-05 3.660765865435421915e+02 9.068451015557242499e+03 1.086600561270107876e-04
1.241592364892936303e+03 3.911101636400846617e-06 7.235730844141985104e-05 3.792332960373514084e+02 9.383088043743578964e+03 9.676948565920292502e-05
1.305250166693098663e+03 3.487301022094734018e-06 6.668606210522209303e-05 3.928628546864121631e+02 9.708632233288361022e+03 8.618000583769464473e-05
1.372171773784442848e+03 3.109422753302560262e-06 6.145931869068844489e-05 4.069822565821445437e+02 1.004546199668885856e+04 7.674926263925702899e-05
1.442524525042606001e+03 2.772490759328682843e-06 5.664223879292023574e-05 4.216091065796908310e+02 1.039396886508927491e+04 6.835047483909872641e-05
1.516484338990844662e+03 2.472068168408319172e-06 5.220271366204502040e-05 4.367616422488130752e+02 1.075455794339644126e+04 6.087073081849927553e-05
1.594236153687976639e+03 2.204198880986112122e-06 4.811115117896513980e-05 4.524587566131968970e+02 1.112764838117407453e+04 5.420947158452102881e-05
1.675974389169855840e+03 1.965355474023679558e-06 4.434027860602015025e-05 4.687200217077664206e+02 1.151367385986296904e+04 4.827713965398567399e-05
1.761903433600732797e+03 1.752392750306889890e-06 4.086496079767513106e-05 4.855657129817356008e+02 1.191308309689344787e+04 4.299397567551251623e-05
1.852238154350125114e+03 1.562506321078456667e-06 3.766203265959619132e-05 5.030168345794702986e+02 1.232634036727605417e+04 3.828894664277989444e-05
1.947204435273160470e+03 1.393195676587098063e-06 3.471014473928448672e-05 5.210951455294941752e+02 1.275392604327677327e+04 3.409879131564291950e-05
2.047039741537873624e+03 1.242231258252632273e-06 3.198962091906901081e-05 5.398231868748816851e+02 1.319633715280406796e+04 3.036717003683142267e-05
2.151993713411814952e+03 1.107625098837674482e-06 2.948232726288717276e-05 5.592243097787140869e+02 1.365408795715687847e+04 2.704390753161038620e-05
2.262328790492751523e+03 9.876046440022827412e-07 2.717155114263391610e-05 5.793227046394828221e+02 1.412771054880503834e+04 2.408431852468600248e-05
2.378320867944360998e+03 8.805894105130535767e-07 2.504188983839707855e-05 6.001434312532437616e+02 1.461775546989706163e+04 2.144860711943523944e-05
2.500259986377847326e+03 7.851701737298993298e-07 2.307914787001101909e-05 6.217124500593414496e+02 1.512479235221421732e+04 1.910133187405718889e-05
2.628451057104544361e+03 7.000904103035048447e-07 2.127024237560153078e-05 6.440566545094181947e+02 1.564941057931478099e+04 1.701092939071601997e-05
2.763214624573015499e+03 6.242297517118402638e-07 1.960311590640334637e-05 6.672039045997785252e+02 1.619221997163812739e+04 1.514929001895191336e-05
2.904887667897139636e+03 5.565892307441778381e-07 1.806665605656998711e-05 6.911830616085271686e+02 1.675385149536503741e+04 1.349137997407831127e-05
3.053824443479420097e+03 4.962781266526133417e-07 1.665062139227407019e-05 7.160240240816311825e+02 1.733495799585826535e+04 1.201490479431942731e-05
3.210397370836513346e+03 4.425022357413471703e-07 1.534557318635899545e-05 7.417577651121434883e+02 1.793621495653576494e+04 1.070000961540932516e-05
3.374997963842009085e+03 3.945534129356105558e-07 1.414281250351171936e-05 7.684163709588110578e+02 1.855832128405887124e+04 9.529012235703005339e-06
3.548037809715040112e+03 3.518002466096747337e-07 1.303432221660437494e-05 7.960330810534064767e+02 1.920200012074806727e+04 8.486165385160617208e-06
3.729949598202719699e+03 3.136797438749633900e-07 1.201271356769284158e-05 8.246423294453488779e+02 1.986799968517066009e+04 7.557445003755665765e-06
3.921188203529886323e+03 2.796899168368892494e-07 1.107117691747697018e-05 8.542797877358425467e+02 2.055709414187750008e+04 6.730361684183608259e-06
4.122231821821598714e+03 2.493831721929996787e-07 1.020343635493972710e-05 8.849824095554890846e+02 2.127008450129980338e+04 5.993792744888125950e-06
4.333583166842529863e+03 2.223604171233537964e-07 9.403707864604739176e-06 9.167884766399970431e+02 2.200779955085199981e+04 5.337832676551239202e-06
4.555770727043232000e+03 1.982658038570616686e-07 8.666660772575466527e-06 9.497376465618208385e+02 2.277109681832300703e+04 4.753659952025410461e-06
4.789350087056538541e+03 1.767820437091658660e-07 7.987382214372693679e-06 9.838710021777834527e+02 2.356086356867580980e+04 4.233418409531200790e-06
5.034905316948536893e+03 1.576262288806923074e-07 7.361344387720452673e-06 1.019231102853045400e+03 2.437801783541396071e+04 3.770111614751807075e-06
5.293050432697964425e+03 1.405461070018174260e-07 6.784374372008100599e-06 1.055862037526866743e+03 2.522350948771389812e+04 3.357508781852941027e-06
5.564430931555981260e+03 1.253167593593676070e-07 6.252626313250569411e-06 1.093809479684930238e+03 2.609832133456360316e+04 2.990060988783014103e-06
5.849725406125521658e+03 1.117376390662359169e-07 5.762555789146643562e-06 1.133120744307633458e+03 2.700347026719089990e+04 2.662826560548815454e-06
6.149647241196264076e+03 9.962993016994120980e-08 5.310896183361549734e-06 1.173844846865106319e+03 2.794000844110958496e+04 2.371404617372915134e-06
6.464946397578192773e+03 8.883419292386145102e-08 4.894636911553499891e-06 1.216032564432157642e+03 2.890902449915714169e+04 2.111875894374568627e-06
6.796411287394258579e+03 7.920826421310874653e-08 4.511003354009963415e-06 1.259736499000419371e+03 2.991164483694600858e+04 1.880750037149396897e-06
7.144870745521352546e+03 7.062538548676416481e-08 4.157438361128605780e-06 1.305011143064894213e+03 3.094903491219914940e+04 1.674918664666677600e-06
7.511196102109217463e+03 6.297253354440441120e-08 3.831585208470126581e-06 1.351912947568707750e+03 3.202240059949197166e+04 1.491613568425698351e-06
7.896303361359680821e+03 5.614893219583972848e-08 3.531271887764577418e-06 1.400500392289088040e+03 3.313298959197551449e+04 1.328369485855367554e-06
8.301155492014282572e+03 5.006472519498889061e-08 3.254496629162793677e-06 1.450834058752954206e+03 3.428209285170990188e+04 1.182990947431433295e-06
8.726764835277714155e+03 4.463979297251198577e-08 2.999414558230815320e-06 1.502976705773886806e+03 3.547104611029454099e+04 1.053522751749281110e-06
9.174195636198141074e+03 3.980269758532646314e-08 2.764325398745615535e-06 1.556993347702657275e+03 3.670123142153869412e+04 9.382236715628921141e-07
9.644566704834162010e+03 3.548974198972172433e-08 2.547662139326818942e-06 1.612951335491407235e+03 3.797407876797804784e+04 8.355430372375857882e-07
1.013905421386271337e+04 3.164413125006897526e-08 2.347980588357725414e-06 1.670920440669765640e+03 3.929106772310393717e+04 7.440998827489818903e-07
1.065889463962340960e+04 2.821522463763339293e-08 2.163949747575860729e-06 1.730972942340874397e+03 4.065372917123805382e+04 6.626643738132482576e-07
1.120538785395343621e+04 2.515786877070370509e-08 1.994342940164178306e-06 1.793183717302171772e+03 4.206364708705146040e+04 5.901412684168990912e-07
1.177990037454421872e+04 2.243180301459405213e-08 1.838029634208570373e-06 1.857630333406004866e+03 4.352246037679664005e+04 5.255551873406016494e-07
1.238386878194744713e+04 2.000112931153922720e-08 1.693967907019478951e-06 1.924393146276157267e+03 4.503186478339272435e+04 4.680374966078450540e-07
1.301880331177471817e+04 1.783383945894241338e-08 1.561197500086798021e-06 1.993555399498874067e+03 4.659361485757854098e+04 4.168146254629925831e-07
1.368629163107323075e+04 1.590139361100275382e-08 1.438833418376745205e-06 2.065203328416461318e+03 4.820952599742452003e+04 3.711976627854475948e-07
1.438800280832036879e+04 1.417834445320387838e-08 1.326060031304528313e-06 2.139426267649399961e+03 4.988147655857466452e+04 3.305730920369280104e-07
1.512569148696427692e+04 1.264200210065867630e-08 1.222125636063685599e-06 2.216316762484527317e+03 5.161141003767088114e+04 2.943945401481150224e-07
1.590120227294644064e+04 1.127213530751490119e-08 1.126337447072265373e-06 2.295970684265313594e+03 5.340133733149856562e+04 2.621754293851165770e-07
1.671647434717734359e+04 1.005070505282518699e-08 1.038056978137984700e-06 2.378487349929174798e+03 5.525333907447852835e+04 2.334824333784500409e-07
1.757354631449881708e+04 8.961626994625034637e-09 9.566957865619638472e-07 2.463969645842264981e+03 5.716956805722343415e+04 2.079296493108926771e-07
1.847456130125802156e+04 7.990559664091244715e-09 8.817115508120979565e-07 2.552524156082710306e+03 5.915225172896921868e+04 1.851734078908976673e-07
