# [0] Scale, $r$ [Mpc/$h$]# [1] Tracer correlation, $\xi_{2h}(r)$# [2] 2-halo tracer correlation, $\xi_{2h}(r)$# [3] 1-halo tracer correlation, $\xi_{1h}(r)$# [4] 1-halo central-sallite tracer correlation, $\xi_{1h}^{cs}(r)$# [5] 1-halo satellite-sallite tracer correlation, $\xi_{1h}^{ss}(r)$# [6] Linear matter correlation, $\xi_{m}^{\rm lin}(r)$# [7] 1-halo matter correlation, $\xi_{1h}(r)$# [8] 2-halo matter correlation, $\xi_{2h}(r)$# [9] 1-halo matter-tracer correlation, $\xi_{1h}^{m\times T}(r)$# [10] 2-halo matter-tracer correlation, $\xi_{2h}^{m\times T}(r)$# [11] Matter correlation, $\xi_{mm}(r)$# [12] Matter-tracer correlation, $\xi_{m\times T}(r)$1.000000000000000368e-02 9.139475437158842396e+04 3.870391018803462657e+02 9.100771526970807463e+04 8.925117785756508238e+04 1.754537412142958829e+03 1.227551456094882099e+02 1.768626411483908669e+03 3.066345511456289387e+03 2.997558119076400999e+03 6.339409814009081146e+01 4.835971922940198056e+03 3.061952217216491590e+03
1.100054346683011601e-02 7.932510369556886144e+04 3.864301925177832118e+02 7.893867350305107539e+04 7.724168069672564161e+04 1.694992806325441052e+03 1.147608779589223928e+02 1.713058802183920989e+03 2.853616571851101980e+03 2.876384838429551564e+03 6.274111965498475030e+01 4.567675374035023196e+03 2.940125958084536251e+03
1.210119565656186946e-02 6.866490681342198513e+04 3.857127478721897660e+02 6.827919406554978923e+04 6.664291268222912913e+04 1.634281383320785608e+03 1.072872494468108044e+02 1.655877000018595481e+03 2.654515504529667851e+03 2.748851614284529205e+03 6.211342779357251942e+01 4.311392504548262878e+03 2.811965042078101760e+03
1.331197288206244743e-02 5.927670997331405670e+04 3.849172706451465729e+02 5.889179270266890671e+04 5.731718111583251448e+04 1.572611586836415199e+03 1.003003245854184371e+02 1.597257247105117585e+03 2.468226927167357644e+03 2.620648751913492561e+03 6.154155236221582470e+01 4.066484174272475229e+03 2.683190304275708513e+03
1.464389363183916590e-02 5.103361843596415565e+04 3.839836746649359043e+02 5.064963476129921764e+04 4.913743238180251501e+04 1.510202379496713093e+03 9.376839506249027067e+01 1.537394655732591445e+03 2.293968340241268834e+03 2.490383937542324475e+03 6.104301168745134021e+01 3.832362995973860052e+03 2.552426949229775801e+03
1.610907884206834104e-02 4.381861400589645928e+04 3.828550144145914373e+02 4.343575899148186727e+04 4.198647899678422255e+04 1.447279994697677012e+03 8.766185494903091069e+01 1.476500707611914095e+03 2.130989987525836113e+03 2.359180975870805469e+03 6.062253444336295871e+01 3.608490695137750208e+03 2.420803510314168307e+03
1.772086220127660691e-02 3.752395696594529727e+04 3.815450275831926206e+02 3.714241193836210732e+04 3.575633736059843795e+04 1.384074577763666412e+03 8.195301395864663618e+01 1.414800310897157487e+03 1.978575477174780190e+03 2.227072787408199474e+03 6.027329319919425643e+01 3.394375788071937677e+03 2.288346080607393560e+03
1.949391149148499425e-02 3.205048357228635359e+04 3.800094483849579774e+02 3.167047412390139652e+04 3.034765728826937266e+04 1.320816835631912681e+03 7.661593535282973733e+01 1.352528512059594959e+03 1.836043089123535310e+03 2.095589731929604113e+03 5.997906313553258428e+01 3.189571601183130042e+03 2.156568795065136783e+03
2.144436207006196124e-02 2.730724032542886562e+04 3.782807171615619950e+02 2.692895960826730516e+04 2.566922479939005643e+04 1.257734808877232126e+03 7.162640037105634860e+01 1.289926976827603994e+03 1.702749729531572484e+03 1.964498858670520121e+03 5.971730478580961687e+01 2.993676706359176478e+03 2.025216163456329696e+03
2.358996370701595471e-02 2.321085442785030682e+04 3.762830322167779400e+02 2.283457139563352757e+04 2.163752052811524482e+04 1.195050867518261384e+03 6.696182100156670458e+01 1.227240364259913576e+03 1.578092943525464761e+03 1.834943547024375221e+03 5.946258494995847599e+01 2.806333307785378565e+03 1.895406131974333675e+03
2.595024211399736547e-02 1.968524111624653960e+04 3.739464783121766800e+02 1.931129463793436298e+04 1.817631562863845465e+04 1.132979009295932883e+03 6.260111132493959474e+01 1.164712715997090299e+03 1.461509944737427077e+03 1.707572056840060668e+03 5.918993483805255806e+01 2.627222660734517376e+03 1.767761991678113191e+03
2.854667663497933647e-02 1.666129904371973316e+04 3.712834030646594101e+02 1.629001564065507409e+04 1.521629311919176689e+04 1.071722521463305156e+03 5.852497002830261863e+01 1.102583978935428149e+03 1.352478067688809233e+03 1.582946222760611818e+03 5.887782127724126013e+01 2.456062046624237155e+03 1.642824044037853128e+03
3.140289571566335508e-02 1.407642722530060200e+04 3.682724719267840214e+02 1.370815475337381758e+04 1.269468271291052588e+04 1.011472040463275903e+03 5.469972324714479583e+01 1.041086763026741892e+03 1.250506223403969216e+03 1.461730820664510929e+03 5.850769411107236806e+01 2.292592986430710880e+03 1.521238514775583326e+03
3.454489193044878170e-02 1.187411435997788794e+04 3.648103471690768629e+02 1.150930401280881051e+04 1.055489999439776147e+04 9.524040184110313021e+02 5.111632878043148054e+01 9.804434135189867447e+02 1.155151736317848872e+03 1.344557452818072534e+03 5.806907677198999806e+01 2.136595149836835844e+03 1.403626529590062546e+03
3.800125852378506003e-02 1.000377026798498810e+04 3.609066690747499706e+02 9.642863598910238579e+03 8.746184016627268647e+03 8.946795822829562894e+02 4.776751407745811662e+01 9.208634502297245490e+02 1.066009508449285477e+03 1.231977463244284991e+03 5.755660178163146412e+01 1.987872958679010026e+03 1.290534065025916561e+03
4.180344961851456542e-02 8.420174932408577661e+03 3.565009911114146917e+02 8.063673941297163765e+03 7.223230190331903032e+03 8.384437509652829021e+02 4.462519130004301360e+01 8.625413959628950806e+02 9.826932115731100339e+02 1.124468296894573768e+03 5.696432538040565419e+01 1.846234607536005115e+03 1.182432622274979394e+03
4.598606645919118413e-02 7.083200330107963964e+03 3.515575472209351915e+02 6.731642782887029171e+03 5.945817825925247234e+03 7.838249569617775023e+02 4.168136830500946388e+01 8.056549825638039692e+02 9.048551206758722856e+02 1.022408470365529638e+03 5.629009194849165709e+01 1.711510103239676255e+03 1.079698562314021274e+03
5.058717229528709308e-02 5.957415798130346957e+03 3.460481967282191249e+02 5.611367601402127548e+03 4.878432808133669823e+03 7.309347932684543139e+02 3.892386700830301294e+01 7.503636765224869123e+02 8.321683445872035918e+02 9.260471051835800154e+02 5.553051312897038372e+01 1.583532021109690504e+03 9.825776183125503849e+02
5.564863876983296154e-02 5.011690042756257753e+03 3.399331407377018195e+02 4.671756902018555593e+03 3.989889015915708569e+03 6.798678861028550955e+02 3.634624268449684337e+01 6.968074164278964417e+02 7.643299688507270275e+02 8.355721374027612001e+02 5.468199035055212676e+01 1.462137385278623469e+03 8.912541277533133552e+02
6.121652696574745450e-02 4.218811830630553231e+03 3.331579516213720353e+02 3.885653879009180855e+03 3.252952142994633505e+03 6.307017360145445082e+02 3.392884384858330549e+01 6.451053524394632177e+02 7.010442866783321278e+02 7.510588094430601132e+02 5.373711764768451360e+01 1.347149639117795232e+03 8.057959270907446125e+02
6.734150657750821722e-02 3.555136040542301089e+03 3.256698429949677802e+02 3.229466197547333195e+03 2.643969968664947373e+03 5.834962288823820700e+02 3.166852204745291033e+01 5.953541523288919279e+02 6.420442448846752086e+02 6.725103276539200579e+02 5.269130315679414878e+01 1.238398397213567023e+03 7.262016308107141640e+02
7.407931702277049946e-02 3.000252372929136527e+03 3.174469206497413438e+02 2.682805452279395013e+03 2.142513360170430587e+03 5.382920921089621515e+02 2.955796227443988755e+01 5.476248120798695709e+02 5.870767701842048609e+02 5.998451427911586507e+02 5.153956029414611351e+01 1.135701582264074432e+03 6.523847030853047499e+02
8.149127469020747694e-02 2.536639486762543129e+03 3.085015671591052637e+02 2.228137919603437695e+03 1.731032008270906090e+03 4.951059113325290468e+02 2.757352513434586427e+01 5.019546827375065732e+02 5.358917898514727085e+02 5.329089988337414070e+02 5.027424005733863765e+01 1.038846472588979395e+03 5.841832388910800091e+02
8.964483093970193606e-02 2.149264559898780135e+03 2.988263044736321490e+02 1.850438255425148100e+03 1.394528378602010207e+03 4.539098768231376653e+02 2.571981113575061784e+01 4.583207560332406274e+02 4.882780930187317381e+02 4.714757918989223526e+02 4.889522440562323169e+01 9.475988490519723655e+02 5.213710163045456056e+02
9.861418593288280576e-02 1.825304127279763406e+03 2.883641512195292762e+02 1.536939976060234130e+03 1.120252349808348754e+03 4.146876262518844669e+02 2.401829222499353023e+01 4.167291186144636868e+02 4.440541807654902300e+02 4.152674706898409340e+02 4.740806503277545403e+01 8.617832993799538599e+02 4.636755357226163596e+02
1.084809638800743326e-01 1.554091245087443895e+03 2.771155966865849791e+02 1.276975648400858972e+03 8.974187585090088533e+02 3.775568898918491527e+02 2.235454706907698963e+01 3.773839573137782395e+02 4.029348209412308393e+02 3.640294956243563433e+02 4.578908382327828974e+01 7.813187782550090787e+02 4.108185794476346473e+02
1.193349558486384854e-01 1.326672878077688210e+03 2.651627599454685082e+02 1.061510118132219759e+03 7.169489774410924383e+02 3.425611406911274912e+02 2.087527485425889395e+01 3.403848314794421412e+02 3.648715533180311468e+02 3.174134437774412163e+02 4.407649105204118456e+01 7.062563847974732880e+02 3.624899348294824222e+02
1.312749368925199278e-01 1.135436598310389400e+03 2.525057727140512895e+02 8.829308255963380816e+02 5.712328821291094982e+02 3.096979434672290949e+02 1.947740575944053631e+01 3.057576170768476231e+02 3.296130715835878959e+02 2.749476134882108909e+02 4.225394425924667274e+01 6.363706886604354622e+02 3.182015577474575707e+02
1.444095649391545222e-01 9.700508058884330467e+02 2.391897299896999129e+02 7.308610758987331337e+02 4.499192265214358599e+02 2.789418493772970464e+02 1.809728311499156206e+01 2.734894259755092207e+02 2.969421934177547087e+02 2.358840717359471455e+02 4.031399448092345494e+01 5.714316193932638726e+02 2.771980662168705862e+02
1.588583696139194423e-01 8.137564637394416422e+02 2.253561460576337936e+02 5.884003176818077918e+02 3.361473408773143206e+02 2.502529768044928744e+02 1.685299446052716377e+01 2.435431558944295318e+02 2.668187507599274113e+02 1.998981597493121853e+02 3.829693749634945732e+01 5.113619066543569716e+02 2.391950972456616569e+02
1.747528400007684612e-01 6.868253886469256031e+02 2.110948935210118691e+02 4.757304951259137056e+02 2.501492789291315830e+02 2.235812161967827194e+02 1.573736034101433212e+01 2.158649218579822957e+02 2.391005545269376853e+02 1.681832386330543443e+02 3.621684921034622562e+01 4.559654763849199526e+02 2.054000878434005699e+02
1.922376212380460248e-01 5.827877297018957279e+02 1.965916271306674616e+02 3.861961025712282662e+02 1.853276939631654159e+02 1.988684086080627651e+02 1.466260147975352623e+01 1.903878385953433678e+02 2.135780452627144541e+02 1.409421051654939276e+02 3.407020148556223660e+01 4.049658838580578504e+02 1.760123066510561785e+02
2.114718308389148815e-01 4.966553534776180641e+02 1.819952228962879417e+02 3.146601305813301224e+02 1.366110087392544301e+02 1.760491218420756354e+02 1.361625257817938106e+01 1.670331106861722787e+02 1.901168616908062177e+02 1.178314575968846185e+02 3.187307999258186086e+01 3.581499723769784964e+02 1.507045375894664687e+02
2.326305067153627282e-01 4.246494252969981744e+02 1.674783288968143324e+02 2.571710964001838420e+02 1.001177005879731468e+02 1.550533958122104821e+02 1.264287973763526907e+01 1.457151789170936524e+02 1.686412177123347647e+02 9.834982051324581676e+01 2.965615015093383988e+01 3.153563966294284455e+02 1.290059706641796424e+02
2.559062000833060568e-01 3.638782149188272115e+02 1.531891733390941681e+02 2.106890415797330434e+02 7.288101033625895298e+01 1.358080312434738062e+02 1.176621666550769163e+01 1.263438408466617489e+02 1.490620637031067304e+02 8.197608543234993306e+01 2.744509735812085438e+01 2.764059045497684792e+02 1.104211827904707945e+02
2.815107277447732037e-01 3.121415326730992774e+02 1.392675758574085592e+02 1.728739568156907183e+02 5.263671778604495444e+01 1.182372390296457638e+02 1.094859570168631713e+01 1.088250390421087417e+02 1.312433431732848987e+02 6.823023190491818468e+01 2.525137903432095143e+01 2.410683822153936262e+02 9.448161093923913256e+01
3.096770996935353515e-01 2.677566311293502395e+02 1.258336615575436355e+02 1.419229695718066182e+02 3.765964352967084494e+01 1.022633260421356027e+02 1.019792091459406080e+01 9.306172081826153430e+01 1.150866010036968135e+02 5.668618249611987636e+01 2.309445702202165052e+01 2.091483218219583478e+02 8.078063951814152688e+01
3.406616395860617152e-01 2.294324183267265198e+02 1.129871560136693631e+02 1.164452623130571567e+02 2.663786687631895944e+01 8.780739543673820435e+01 9.465839832549761468e+00 7.895473945128860294e+01 1.004524059030144088e+02 4.696536343984921302e+01 2.098086041559816906e+01 1.804071453543029975e+02 6.894622385544738563e+01
3.747463173748084020e-01 1.961729912329658418e+02 1.008072334064474518e+02 9.536575782651837585e+01 1.857572879956435585e+01 7.479002902695415855e+01 8.796310433620126545e+00 6.640375549570549651e+01 8.728436695524845845e+01 3.875711784183380360e+01 1.893706344002897524e+01 1.546881224509539550e+02 5.869418128186278238e+01
4.122413153316091816e-01 1.672039387270356201e+02 8.935278050168494701e+01 7.785115822535068730e+01 1.271923973066215119e+01 6.313191849468847749e+01 8.145941792208482468e+00 5.530809837361520209e+01 7.545483691854092001e+01 3.181647692917893977e+01 1.696840423256454500e+01 1.317629352921561292e+02 4.978488116174348477e+01
4.534878508128583063e-01 1.419232764283740096e+02 7.867000360648668789e+01 6.325327282188732170e+01 8.498866275950639704e+00 5.275440654593666778e+01 7.542490739310326653e+00 4.556754634272036952e+01 6.489889832639499900e+01 2.594647818105955039e+01 1.509465618074740156e+01 1.114664446691153614e+02 4.204113436180695373e+01
4.988612814546216634e-01 1.198515106548057076e+02 6.878598670667294357e+01 5.106552394813276408e+01 5.485630931631552798e+00 4.357989301650120240e+01 7.013741394083259806e+00 3.708298189715048920e+01 5.555577247850523293e+01 2.098825250783823293e+01 1.333441003614617593e+01 9.363875437565572213e+01 3.532266254398440708e+01
5.487745210560133202e-01 1.006037217459574578e+02 5.971423289839022175e+01 4.088948884756723601e+01 3.357426304170576969e+00 3.553206254339666970e+01 6.484191568399776173e+00 2.975688755168642530e+01 4.727430686720407493e+01 1.681254478359484494e+01 1.167980665769629667e+01 7.803119441889049313e+01 2.949235144129114161e+01
6.036817972365550178e-01 8.386859243984112311e+01 5.145943733798647202e+01 3.240915510185465109e+01 1.873257589343428231e+00 2.853589751251127993e+01 5.984801443636478702e+00 2.349365994172226024e+01 3.999744164262722279e+01 1.331209791508349660e+01 1.014553874717489812e+01 6.449110158434947948e+01 2.445763666225839472e+01
6.640827850634846152e-01 6.938488107361499146e+01 4.401383859893716277e+01 2.537104247467783580e+01 8.535868444618456286e-01 2.251745563021600205e+01 5.552283356637248701e+00 1.819973981959182296e+01 3.367854004864740602e+01 1.039758641571512499e+01 8.746522993974616966e+00 5.287827986823923254e+01 2.014410940968974018e+01
7.305271542664454332e-01 5.692875911807625755e+01 3.736000384761896953e+01 1.956875527045729157e+01 1.653426110243102209e-01 1.740341265943297344e+01 5.152464753276576381e+00 1.378357728568185969e+01 2.820783176527806191e+01 7.992679394307383944e+00 7.478162979721411752e+00 4.299140905095992338e+01 1.647084237402879481e+01
8.036195714207738927e-01 4.630226088368672777e+01 3.147134028605174905e+01 1.483092059763497872e+01 -2.894838975640353085e-01 1.312040449519901486e+01 4.749832336904433738e+00 1.015548274802532447e+01 2.347709505631730309e+01 6.031247599317128838e+00 6.333499255834202479e+00 3.463257780434263111e+01 1.336474685515133132e+01
8.840252026209607372e-01 3.732508974730315288e+01 2.631337462774968827e+01 1.101171511955346816e+01 -5.825196052150852788e-01 9.594234724768547551e+00 4.377268073173696372e+00 7.227445156679796590e+00 1.943871281251868410e+01 4.454807055592056031e+00 5.318828589877047541e+00 2.766615796919847980e+01 1.077363564546910268e+01
9.724757667205176093e-01 2.982785312379208165e+01 2.184443751099215802e+01 7.983415612799923622e+00 -7.656014011596832258e-01 6.749017013959612399e+00 4.013798184891851584e+00 4.913028741123222076e+00 1.600401811492203308e+01 3.210465593182140420e+00 4.426655681735731207e+00 2.191704685604525338e+01 8.637121274917872071e+00
1.069776194224799193e+00 2.364693968823011616e+01 1.801625176519754490e+01 5.630687923032570374e+00 -8.755289664064785926e-01 4.506216889439042639e+00 3.710767281670052320e+00 3.127488357721177170e+00 1.314841606308455901e+01 2.249428424785143932e+00 3.663639780409799318e+00 1.727590442080573752e+01 6.913068205194942806e+00
1.176811952434998476e+00 1.862269462661676300e+01 1.477520085708384023e+01 3.847493769532924546e+00 -9.377899625132429806e-01 2.785283732046166527e+00 3.428457058362078147e+00 1.788254986539605129e+00 1.077191056762102228e+01 1.526210598106054750e+00 3.013589330940790845e+00 1.356016555416062808e+01 5.539799929046845151e+00
1.294557103504641038e+00 1.459926139205876083e+01 1.206354000433018747e+01 2.535721387728573806e+00 -9.710533740583696671e-01 1.506774761786941808e+00 3.135618199165775444e+00 8.159132809901862293e-01 8.782685328158230220e+00 9.985941405567784201e-01 2.459826457581067327e+00 1.059859860914841612e+01 4.458420598137845303e+00
1.424083168739649130e+00 1.142569646171987507e+01 9.821054942960593337e+00 1.604641518759281738e+00 -9.876404642256011446e-01 5.922819829848835482e-01 2.869753065589094376e+00 1.356959487696875744e-01 7.156078053463539312e+00 6.274202293954407317e-01 2.001182209043578020e+00 8.291774002233227137e+00 3.628602438439018751e+00
1.566568879810167125e+00 8.957177495358463304e+00 7.986545129840235901e+00 9.706323655182269583e-01 -9.952430782546982657e-01 -3.412455622707494945e-02 2.644389336145058333e+00 -3.206394998637026594e-01 5.851911655906429033e+00 3.769415306069067162e-01 1.630327287571292638e+00 6.531272156042726706e+00 3.007268818178199243e+00
1.723310905613508304e+00 7.059070948144104740e+00 6.500339886967435810e+00 5.587310611766688195e-01 -9.983856834805706626e-01 -4.428832553427601848e-01 2.404177723757927154e+00 -6.128676576643214968e-01 4.772606145964767954e+00 2.156173179166072096e-01 1.323013489830583644e+00 5.159738488300446235e+00 2.538630807747190854e+00
1.895735652406376204e+00 5.610298986351348383e+00 5.305575937209487059e+00 3.047230491418612686e-01 -9.995300106351402425e-01 -6.957469402229986555e-01 2.190278500405125062e+00 -7.907339707442722077e-01 3.910005853509338714e+00 1.169213047116323123e-01 1.077599541123374749e+00 4.119271882765066728e+00 2.194520845835007172e+00
2.085412244591588138e+00 4.506985465772964439e+00 4.350269114347753430e+00 1.567163514252113143e-01 -9.998865566442992625e-01 -8.433970919304893954e-01 1.986141682156924215e+00 -8.932209891521925016e-01 3.214346220556251410e+00 5.981600555065738622e-02 8.806381803193675806e-01 3.321125231404058908e+00 1.940454185870025050e+00
2.294066804288951378e+00 3.663799696124646399e+00 3.588260829942251373e+00 7.553886618239505357e-02 -9.999782488887534182e-01 -9.244828849288516670e-01 1.794827210750416846e+00 -9.488965310820393073e-01 2.654437589106113382e+00 2.869447338532338243e-02 7.231920694005065098e-01 2.705541058024074186e+00 1.751886542785829892e+00
2.523598159639262928e+00 3.013997732738609159e+00 2.980168138413371359e+00 3.382959432523800075e-02 -9.999968607037337254e-01 -9.661735449710289192e-01 1.627279247978353993e+00 -9.772624195106408562e-01 2.214122149486958069e+00 1.279733636321895435e-02 6.002241193126667262e-01 2.236859729976317102e+00 1.613021455675885729e+00
2.776095124792418822e+00 2.507039284014072056e+00 2.493131973753815789e+00 1.390731026025628959e-02 -9.999996813258247297e-01 -9.860930084139193363e-01 1.482202835242737660e+00 -9.907097168428604661e-01 1.869303539500566824e+00 5.241158865011854781e-03 5.046069945872890816e-01 1.878593822657706358e+00 1.509848153452300945e+00
3.053855508833416277e+00 2.105904863018958739e+00 2.100741210464794229e+00 5.163652554164491551e-03 -9.999999791232251356e-01 -9.948363683226099097e-01 1.345907459444533272e+00 -9.965709300644988167e-01 1.589705619910760204e+00 1.938708639086570481e-03 4.276935357606845289e-01 1.593134689846261498e+00 1.429632244399771102e+00
3.359407026634058546e+00 1.783745776022581220e+00 1.782050082169521765e+00 1.695693853059353261e-03 -9.999999992090986556e-01 -9.983043069378415568e-01 1.202820694508028865e+00 -9.988804391191604681e-01 1.347113417481849096e+00 6.351701166099659379e-04 3.615251146701255469e-01 1.348232978362688517e+00 1.362160284786735565e+00
3.695530301926242878e+00 1.521255774558410545e+00 1.520776031631142056e+00 4.797429272684797892e-04 -9.999999999850899268e-01 -9.995202570876408066e-01 1.057521657613592403e+00 -9.996850725555752604e-01 1.134857254201989685e+00 1.804525329503340919e-04 3.040124153534974338e-01 1.135172181646414424e+00 1.304192867886447837e+00
4.065284171932743718e+00 1.304513933122082969e+00 1.304400754683344932e+00 1.131784387380466861e-04 -9.999999999999932276e-01 -9.998868215612687349e-01 9.386010761193397389e-01 -9.999261296463486381e-01 9.705699024061194002e-01 4.279646773636548284e-05 2.596437998804404512e-01 9.706437727597707621e-01 1.259686596348176923e+00
4.472033523836260294e+00 1.123333315845980174e+00 1.123311938072365290e+00 2.137777361478895096e-05 -1.000000000000000222e+00 -9.999786222263854496e-01 8.515902673282983448e-01 -9.999861273036115827e-01 8.523868813615402829e-01 6.851190286732633801e-06 2.277828176565789564e-01 8.524007540579287001e-01 1.227789668846865689e+00
4.919479916408221243e+00 9.701797811913464020e-01 9.701767085480872410e-01 3.072643259203158662e-06 -9.999999999999994449e-01 -9.999969273567405059e-01 7.569013772273208707e-01 -9.999980176730706161e-01 7.399365411722802488e-01 -1.347059939893203374e-07 1.975919497795567137e-01 7.399385234992096327e-01 1.197591815073562715e+00
5.411695265464640414e+00 8.394294182343245980e-01 8.394291030076537208e-01 3.152266708632846392e-07 -1.000000000000000000e+00 -9.999996847733291228e-01 6.510584247973564276e-01 -9.999997978326344850e-01 6.264218191383618128e-01 -4.378686159508021542e-07 1.672080381512310310e-01 6.264220213057273279e-01 1.167207600282615054e+00
5.953158899698244078e+00 7.268552433091526321e-01 7.268552220255746210e-01 2.128357806544424872e-08 -9.999999999999996669e-01 -9.999999787164218779e-01 5.770714859588716994e-01 -9.999999864321257315e-01 5.471232897074558288e-01 -2.295929637240979020e-07 1.459879404108834489e-01 5.471233032753300973e-01 1.145987710817919725e+00
6.548798324107705682e+00 6.292628194345645243e-01 6.292628185847451983e-01 8.498192793045528277e-10 -9.999999999999998890e-01 -9.999999991501807850e-01 5.099884201436062359e-01 -9.999999994615349497e-01 4.786332484799269982e-01 -2.226887796036187156e-07 1.276829143644377107e-01 4.786332490183919930e-01 1.127682691675658155e+00
7.204034061985099768e+00 5.442208720648240572e-01 5.442208720484097428e-01 1.641434472135995416e-11 -1.000000000000000222e+00 -9.999999999835857967e-01 4.372320145547448633e-01 -9.999999999896573843e-01 4.079799736953883538e-01 -3.144081770323092766e-08 1.088225817284106667e-01 4.079799737057310249e-01 1.108822550287593023e+00
7.924828983539177862e+00 4.698430723411474164e-01 4.698430723411234911e-01 2.395018311697474370e-14 -1.000000000000000000e+00 -9.999999999999761302e-01 3.830360641670721433e-01 -9.999999999999847899e-01 3.554957963179509739e-01 3.516418222271509787e-07 9.481059587870692418e-02 3.554957963179661284e-01 1.094810947520529210e+00
8.717742570061773222e+00 4.046344390805305946e-01 4.046344390805305946e-01 -1.093460082327747628e-18 -1.000000000000000000e+00 -1.000000000000000000e+00 3.298990000387816424e-01 -1.000000000000000000e+00 3.055647840851790642e-01 5.926018242202404231e-07 8.148947243675840058e-02 3.055647840851790642e-01 1.081490065038582582e+00
9.589990607459979444e+00 3.473879672814796926e-01 3.473879672814796926e-01 -2.228316592484705633e-20 -1.000000000000000222e+00 -1.000000000000000222e+00 2.829735289543341969e-01 -1.000000000000000222e+00 2.618492625238861282e-01 3.254779206356914495e-07 6.982759117985534725e-02 2.618492625238859617e-01 1.069827916657775990e+00
1.054951085238560005e+01 2.971200963041615850e-01 2.971200963041615850e-01 -1.715565710618888874e-22 -1.000000000000000000e+00 -1.000000000000000000e+00 2.422062838098746618e-01 -1.000000000000000000e+00 2.242627410158387347e-01 -5.298254278359030353e-08 5.980254687992007934e-02 2.242627410158387624e-01 1.059802493897377351e+00
1.160503526854637713e+01 2.530275245191956901e-01 2.530275245191956901e-01 -1.002580299761658056e-24 -1.000000000000000000e+00 -1.000000000000000000e+00 2.059955667269380841e-01 -1.000000000000000000e+00 1.910672462610508160e-01 -7.594128728442339378e-08 5.094943636420399408e-02 1.910672462610507605e-01 1.050949360422916756e+00
1.276616949057407702e+01 2.144465769549277756e-01 2.144465769549277756e-01 -4.823715677740632999e-27 -1.000000000000000222e+00 -1.000000000000000222e+00 1.740044565410268085e-01 -1.000000000000000222e+00 1.618380212707437316e-01 -1.763640810072889100e-08 4.315485903986705785e-02 1.618380212707435373e-01 1.043154841403459043e+00
1.404348023859805394e+01 1.808053459905980820e-01 1.808053459905980820e-01 -1.845499980208743090e-29 -1.000000000000000222e+00 -1.000000000000000222e+00 1.461646187896358806e-01 -1.000000000000000222e+00 1.363565467899169881e-01 -1.416366730823579048e-07 3.635946792039779218e-02 1.363565467899168215e-01 1.036359326283724736e+00
1.544859147902676000e+01 1.515820297539548778e-01 1.515820297539548778e-01 -4.428732013779811629e-32 -1.000000000000000000e+00 -1.000000000000000000e+00 1.222983925223770363e-01 -1.000000000000000000e+00 1.145104624572129554e-01 -2.098169677709405280e-07 3.053377103014450963e-02 1.145104624572129692e-01 1.030533561213176741e+00
1.699429020663351508e+01 1.262926804904938027e-01 1.262926804904938027e-01 5.876447231839280793e-35 -1.000000000000000444e+00 -1.000000000000000444e+00 1.013993384024047817e-01 -1.000000000000000444e+00 9.535352128724883247e-02 -9.099390556536595809e-08 2.542547165509567025e-02 9.535352128724838838e-02 1.025425380661190156e+00
1.869464281059971000e+01 1.045173847767300046e-01 1.045173847767300046e-01 1.512088130091401443e-36 -9.999999999999997780e-01 -9.999999999999997780e-01 8.339968225545238423e-02 -9.999999999999997780e-01 7.880523896652077975e-02 3.290476166961757104e-08 2.101292256793307195e-02 7.880523896652102955e-02 1.021012955472694772e+00
2.056512308348651530e+01 8.590512410928885512e-02 8.590512410928885512e-02 1.198521709313666652e-38 -1.000000000000000000e+00 -1.000000000000000000e+00 6.835046600281521889e-02 -1.000000000000000000e+00 6.489968434898459038e-02 5.796380355682652457e-08 1.730495000109869702e-02 6.489968434898463201e-02 1.017305007964902197e+00
2.262275303806046978e+01 7.010944530274765274e-02 7.010944530274765274e-02 7.111112840086563398e-41 -1.000000000000000000e+00 -1.000000000000000000e+00 5.543674138627901343e-02 -1.000000000000000000e+00 5.290047777744769780e-02 3.272256627358691898e-08 1.410528692527394240e-02 5.290047777744766311e-02 1.014105319647840231e+00
2.488625781345471566e+01 5.675340871964572320e-02 5.675340871964572320e-02 3.469111741103331619e-43 -1.000000000000000222e+00 -1.000000000000000222e+00 4.464873207063213556e-02 -1.000000000000000222e+00 4.282669243410903298e-02 8.720314597510296234e-09 1.141911158575899254e-02 4.282669243410885951e-02 1.011419120306073616e+00
2.737623608036490808e+01 4.552805772451939265e-02 4.552805772451939265e-02 1.354189340783344557e-45 -1.000000000000000000e+00 -1.000000000000000000e+00 3.567041586876278786e-02 -1.000000000000000000e+00 3.440543230146549808e-02 2.390821611868857179e-09 9.173694753655424125e-03 3.440543230146553277e-02 1.009173697144477133e+00
3.011534749602566663e+01 3.620816780573619248e-02 3.620816780573619248e-02 3.432485787346994157e-48 -9.999999999999997780e-01 -9.999999999999997780e-01 2.815683951222206632e-02 -9.999999999999997780e-01 2.730572665813323779e-02 5.143068408272090274e-09 7.280597279056696784e-03 2.730572665813346678e-02 1.007280602422125027e+00
3.312851891487240152e+01 2.850173761794420543e-02 2.850173761794420543e-02 -2.806740540159936704e-51 -1.000000000000000444e+00 -1.000000000000000444e+00 2.205635707904540083e-02 -1.000000000000000444e+00 2.150399067286168711e-02 2.409317395047038232e-09 5.733606531883720693e-03 2.150399067286123955e-02 1.005733608941201007e+00
3.644317123147570214e+01 2.216072967150244447e-02 2.216072967150244447e-02 -1.022295158019040775e-52 -1.000000000000000000e+00 -1.000000000000000000e+00 1.705945466129666147e-02 -1.000000000000000000e+00 1.672713227838634048e-02 3.720794806251249366e-09 4.459959315662456562e-03 1.672713227838629191e-02 1.004459963036457237e+00
4.008946892009807783e+01 1.702395009059784817e-02 1.702395009059784817e-02 -8.361773467175542979e-55 -9.999999999999998890e-01 -9.999999999999998890e-01 1.305028712646450449e-02 -9.999999999999998890e-01 1.286020242031119497e-02 6.129619732255170640e-09 3.428863855236819608e-03 1.286020242031127303e-02 1.003428869984856586e+00
4.410059454176740701e+01 1.288267830431908713e-02 1.288267830431908713e-02 -5.038939663425354809e-57 -9.999999999999998890e-01 -9.999999999999998890e-01 9.818525111609995373e-03 -9.999999999999998890e-01 9.732024612392064719e-03 7.959128477218308283e-10 2.594827524630057784e-03 9.732024612392198293e-03 1.002594828320542808e+00
4.851305071697626659e+01 9.604211788837383953e-03 9.604211788837383953e-03 -2.492205499287099842e-59 -9.999999999999998890e-01 -9.999999999999998890e-01 7.272106991920301508e-03 -9.999999999999998890e-01 7.246272460742209792e-03 -5.357854322937208416e-10 1.932043092933901501e-03 7.246272460742275712e-03 1.001932042557148517e+00
5.336699231206306138e+01 7.035780868434985541e-03 7.035780868434985541e-03 -9.917636163021927329e-62 -1.000000000000000222e+00 -1.000000000000000222e+00 5.302149932297548982e-03 -1.000000000000000222e+00 5.311207493244266692e-03 1.757625622570327877e-09 1.416099865568875996e-03 5.311207493244096689e-03 1.001416101623194388e+00
5.870659186228386517e+01 5.050002662774347173e-03 5.050002662774347173e-03 -2.640386821389997238e-64 -1.000000000000000000e+00 -1.000000000000000000e+00 3.784464436804726040e-03 -1.000000000000000000e+00 3.811928610532300081e-03 -6.069614802246450047e-10 1.016355639717467620e-03 3.811928610532255846e-03 1.001016355032755989e+00
6.458044155705078992e+01 3.536313991439658366e-03 3.536313991439658366e-03 1.005264481423490927e-67 -9.999999999999997780e-01 -9.999999999999997780e-01 2.631356882635100050e-03 -9.999999999999997780e-01 2.666058405766552532e-03 -1.220270500864747351e-09 7.108337215207006241e-04 2.666058405766724704e-03 1.000710832501250147e+00
7.104199544554195711e+01 2.378760644193486044e-03 2.378760644193486044e-03 6.883069096285202269e-69 -9.999999999999998890e-01 -9.999999999999998890e-01 1.757423344785334542e-03 -9.999999999999998890e-01 1.794657614451586900e-03 6.080157576022473379e-11 4.784897531672138368e-04 1.794657614451744543e-03 1.000478489813968697e+00
7.815005588690304705e+01 1.478799590835596202e-03 1.478799590835596202e-03 5.825559357346272058e-71 -1.000000000000000000e+00 -1.000000000000000000e+00 1.072140996438619188e-03 -1.000000000000000000e+00 1.116340289625878139e-03 -1.112930331060201500e-10 2.976473002553464697e-04 1.116340289625927795e-03 1.000297647188962413e+00
8.596930867190785364e+01 8.826070276064081413e-04 8.826070276064081413e-04 3.567143640906017305e-73 -1.000000000000000000e+00 -1.000000000000000000e+00 6.119157624599895528e-04 -1.000000000000000000e+00 6.683691840020819465e-04 -1.066855432431870558e-10 1.782798940889214619e-04 6.683691840020378194e-04 1.000178279787403479e+00
9.457091168586580920e+01 1.079193792104624940e-03 1.079193792104624940e-03 1.788500453370106794e-75 -1.000000000000000000e+00 -1.000000000000000000e+00 7.941810141198227474e-04 -1.000000000000000000e+00 8.158468863152090050e-04 7.568016725062346341e-11 2.175854923836073953e-04 8.158468863151968620e-04 1.000217585568063727e+00
1.040331424698117644e+02 1.656772395459509039e-03 1.656772395459509039e-03 7.250173518059941129e-78 -1.000000000000000000e+00 -1.000000000000000000e+00 1.311319202773200817e-03 -1.000000000000000000e+00 1.251349908733776720e-03 2.748946400276435457e-11 3.334628757100668796e-04 1.251349908733767613e-03 1.000333462903199466e+00
1.144421105730095007e+02 8.825319111024071536e-04 8.825319111024071536e-04 2.017952904089100159e-80 -1.000000000000000000e+00 -1.000000000000000000e+00 6.801972782145876591e-04 -1.000000000000000000e+00 6.661564389049808238e-04 -1.334441565466448007e-12 1.775995379022669634e-04 6.661564389049967616e-04 1.000177599536567818e+00
1.258925411794167672e+02 1.091959254319577237e-05 1.091959254319577237e-05 -7.760909989724211852e-93 -1.000000000000000000e+00 -1.000000000000000000e+00 -1.244831045335475393e-05 -1.000000000000000000e+00 7.674384103263980560e-06 -1.365787712361405193e-11 2.078727542546400053e-06 7.674384103317777317e-06 1.000002078713884579e+00
