# [0] Scale, $r$ [Mpc/$h$]# [1] Tracer correlation, $\xi_{2h}(r)$# [2] 2-halo tracer correlation, $\xi_{2h}(r)$# [3] 1-halo tracer correlation, $\xi_{1h}(r)$# [4] 1-halo central-sallite tracer correlation, $\xi_{1h}^{cs}(r)$# [5] 1-halo satellite-sallite tracer correlation, $\xi_{1h}^{ss}(r)$# [6] Linear matter correlation, $\xi_{m}^{\rm lin}(r)$# [7] 1-halo matter correlation, $\xi_{1h}(r)$# [8] 2-halo matter correlation, $\xi_{2h}(r)$# [9] 1-halo matter-tracer correlation, $\xi_{1h}^{m\times T}(r)$# [10] 2-halo matter-tracer correlation, $\xi_{2h}^{m\times T}(r)$# [11] Matter correlation, $\xi_{mm}(r)$# [12] Matter-tracer correlation, $\xi_{m\times T}(r)$1.000000000000000368e-02 1.067357561460851284e+05 4.303057505395256612e+02 1.006657524419860420e+05 9.900719092954722873e+04 1.656561512438865975e+03 1.184316078060322468e+02 1.758775968346966692e+03 3.032871278955490652e+03 2.988459681129486853e+03 6.272506585550400615e+01 3.205599541163735466e+03 1.077120872292030299e+03
1.100054346683011601e-02 9.454317466896145197e+04 4.296346515268386383e+02 8.733860254358174279e+04 8.572272905285470188e+04 1.613873490727205080e+03 1.107864972980695768e+02 1.703516224893628305e+03 2.822479071063368337e+03 2.873190478723057822e+03 6.207553678629140137e+01 3.037576236596986291e+03 1.051406018834951965e+03
1.210119565656186946e-02 8.358172379450197332e+04 4.288447105415560259e+02 7.556506439529410272e+04 7.399371741834015120e+04 1.569346976954002912e+03 1.036349236554742106e+02 1.646651796940811437e+03 2.625565438654072295e+03 2.750795632523698714e+03 6.145011345656785551e+01 2.877294924276366146e+03 1.020046526440435173e+03
1.331197288206244743e-02 7.374217744240465981e+04 4.279683796056485221e+02 6.519388509013934527e+04 6.366881739169236971e+04 1.523067698446982376e+03 9.694499880123878199e+01 1.588358004928260925e+03 2.441323846883855367e+03 2.627464961079577733e+03 6.088013190029104749e+01 2.724227943465248245e+03 9.903353883444783605e+02
1.464389363183916590e-02 6.492448100611432164e+04 4.269395776803710874e+02 5.608552371995506837e+04 5.460838048018004338e+04 1.475143239775031361e+03 9.068690995422993240e+01 1.528828928807935654e+03 2.268980489215899070e+03 2.501837935081135129e+03 6.038391239014956113e+01 2.577879107004997422e+03 9.612784264506874479e+02
1.610907884206834104e-02 5.703696487813207932e+04 4.256943628913270459e+02 4.811129197738542280e+04 4.668358919677189260e+04 1.425702780613627510e+03 8.483280525126956206e+01 1.468274919073968476e+03 2.107794103258142968e+03 2.374668269772529129e+03 5.996687037365137485e+01 2.437787629745545019e+03 9.282513624297007482e+02
1.772086220127660691e-02 4.999562611751400254e+04 4.242494703821512303e+02 4.115261750646438304e+04 3.977572122476346703e+04 1.374896281700976260e+03 7.935661841400352046e+01 1.406919668038766304e+03 1.957056512231504712e+03 2.246200528355047027e+03 5.962276701567651571e+01 2.303530938847490688e+03 8.959230636873732010e+02
1.949391149148499425e-02 4.372320879762528057e+04 4.225550260209311091e+02 3.510040946700776112e+04 3.377551636031124508e+04 1.322893106696446921e+03 7.423391779568878235e+01 1.344996937993343181e+03 1.816093835588394541e+03 2.117886147083441301e+03 5.933578684031340345e+01 2.174726689458504552e+03 8.621748994921098301e+02
2.144436207006196124e-02 3.814875092741411208e+04 4.206479468314395262e+02 2.985450613225826964e+04 2.858262603833538378e+04 1.269880093922853803e+03 6.944187686487066458e+01 1.282747059921188338e+03 1.684270328527172751e+03 1.989417935264677226e+03 5.908365560995349597e+01 2.051035641487680550e+03 8.273762015527141784e+02
2.358996370701595471e-02 3.320675058923356119e+04 4.184434780575259651e+02 2.532318521962990417e+04 2.410512610016856706e+04 1.216059119461346654e+03 6.495919458293677451e+01 1.220413326238718810e+03 1.560990323268089924e+03 1.862010276543874625e+03 5.884105369398506724e+01 1.932162671007347853e+03 7.921825659196445031e+02
2.595024211399736547e-02 2.883683079607480249e+04 4.158633558688163703e+02 2.142271700480823347e+04 2.025907278703328848e+04 1.161644217774947720e+03 6.076597651540716782e+01 1.158238399012432183e+03 1.445697245578830916e+03 1.736275425036832758e+03 5.858301257448150068e+01 1.817855386879147318e+03 7.558854799501564230e+02
2.854667663497933647e-02 2.498341615860565435e+04 4.129215954650222784e+02 1.807694686813795852e+04 1.696808851726054127e+04 1.106858350877422254e+03 5.684401983201320974e+01 1.096460851311535635e+03 1.337874065878321971e+03 1.612780145338720786e+03 5.828793072271452758e+01 1.707903290252683746e+03 7.192670908842284234e+02
3.140289571566335508e-02 2.159519799261583103e+04 4.095958341291232045e+02 1.521689395113353385e+04 1.416296401656989292e+04 1.051929934563643428e+03 5.316082694095073435e+01 1.035311942888437443e+03 1.237034861795900042e+03 1.492233540888228390e+03 5.793715032667328302e+01 1.602128332199893975e+03 6.820954385083317675e+02
3.454489193044878170e-02 1.862474296427967784e+04 4.057696367662773014e+02 1.278035563446688320e+04 1.178126639326413351e+04 9.970892412027612863e+02 4.970819457849053435e+01 9.750127090930329814e+02 1.142741506956218245e+03 1.375298617869699456e+03 5.752010764758134798e+01 1.500397430156030850e+03 6.446829727444883247e+02
3.800125852378506003e-02 1.602850008742722639e+04 4.014534946452644704e+02 1.071151105580264448e+04 9.766946253574269576e+03 9.425648022283730825e+02 4.647963192136083421e+01 9.157714153288170564e+02 1.054592985008355754e+03 1.262568527001765915e+03 5.703137770216638103e+01 1.402609285144522801e+03 6.072679151564821041e+02
4.180344961851456542e-02 1.376630681841002843e+04 3.965808909096351726e+02 8.960519956950254709e+03 8.069940027747798013e+03 8.885799292024687475e+02 4.344797256220802950e+01 8.577813990204670063e+02 9.722067802081667196e+02 1.154569188997922538e+03 5.646496860283433961e+01 1.308676267320856823e+03 5.699958536317805056e+02
4.598606645919118413e-02 1.180131702384114578e+04 3.911121034470005497e+02 7.483115902874025778e+03 6.645766441825441689e+03 8.353494610485897738e+02 4.060590473019697555e+01 8.012192876075594086e+02 8.952385692138301465e+02 1.051722233642766469e+03 5.581873052609898878e+01 1.218539731638656349e+03 5.331249936297526801e+02
5.058717229528709308e-02 1.009979442655039747e+04 3.850154943949677886e+02 6.240194166379423223e+03 5.455117343558211360e+03 7.830768228212178883e+02 3.794192586156523816e+01 7.462435347231930791e+02 8.233646632985057749e+02 9.543274211448626829e+02 5.508927053930767670e+01 1.132154022272031398e+03 4.968905957347336653e+02
5.564863876983296154e-02 8.630921565958245992e+03 3.782461346170503589e+02 5.197398077618327989e+03 4.463446614908915762e+03 7.319514627094064281e+02 3.545018510653054022e+01 6.929931673499817180e+02 7.562851717555723781e+02 8.626221490608045315e+02 5.427295205790256460e+01 1.049488361797877587e+03 4.614749114068298468e+02
6.121652696574745450e-02 7.366641034556644627e+03 3.707426571620048890e+02 4.324707722727534929e+03 3.640561016417924293e+03 6.821467063096039283e+02 3.311167394808843767e+01 6.415865351221777928e+02 6.937073666999317538e+02 7.767302900035568882e+02 5.336225046492451440e+01 9.705121124586738688e+02 4.270558717537460893e+02
6.734150657750821722e-02 6.281532708496906707e+03 3.624470626010925685e+02 3.596035350280987132e+03 2.960217312560238042e+03 6.338180377207432912e+02 3.092373946117618999e+01 5.921196284681043380e+02 6.353669990005041655e+02 6.966976770071728424e+02 5.235244206867359651e+01 8.952099733389400171e+02 3.937913423442313388e+02
7.407931702277049946e-02 5.352705531467636320e+03 3.533342862479127575e+02 2.988832135556071080e+03 2.399730348747099470e+03 5.871017868089670628e+02 2.887956194158933698e+01 5.446629088903305274e+02 5.810137013250446216e+02 6.224920859592989473e+02 5.123834027273342429e+01 8.235670858267758376e+02 3.618172197821331224e+02
8.149127469020747694e-02 4.559656937543150889e+03 3.434175191784918866e+02 2.483710665342703578e+03 1.939596498278148601e+03 5.421141670645554314e+02 2.695603336431412700e+01 4.992533796282079948e+02 5.304000004637318852e+02 5.540022370117845867e+02 5.001198068703232025e+01 7.555569680295980106e+02 3.312508099571829803e+02
8.964483093970193606e-02 3.884047564119349772e+03 3.326880460226289529e+02 2.064086931232140159e+03 1.563136369727581268e+03 4.989505615045583227e+02 2.515812262674968736e+01 4.558680095489004884e+02 4.833170315474329186e+02 4.910612344721959062e+02 4.867293114024899126e+01 6.911670522016004270e+02 3.021843906086227207e+02
9.861418593288280576e-02 3.309507125931618702e+03 3.210820743998999092e+02 1.715844441552460239e+03 1.256159577612145995e+03 4.576848639403125389e+02 2.350761905579854982e+01 4.145127459178734739e+02 4.395854733371190264e+02 4.334283791754212416e+02 4.722637949460649764e+01 6.303894358371387625e+02 2.746946092777045578e+02
1.084809638800743326e-01 2.821631173373988076e+03 3.085993034614218686e+02 1.427022627915617704e+03 1.006654127561072073e+03 4.183685003545463132e+02 2.189077990807715324e+01 3.753906655596933319e+02 3.989222876098972392e+02 3.807948474445454394e+02 4.564764101769839755e+01 5.731139790305496717e+02 2.488100332313738363e+02
1.193349558486384854e-01 2.407861471829002312e+03 2.953310644437661949e+02 1.187529998918754700e+03 8.045017761645675591e+02 3.810282227541863449e+02 2.045425154532857448e+01 3.386007557347305692e+02 3.612807903606970967e+02 3.327863101693636736e+02 4.397478335250299608e+01 5.193993101357843898e+02 2.245746426368964705e+02
1.312749368925199278e-01 2.057096069222831829e+03 2.812770142437768754e+02 9.888768259150170934e+02 6.412169478174922688e+02 3.456598780975259046e+02 1.909560986167996077e+01 3.041687112203513834e+02 3.264116523322850298e+02 2.889154816487974813e+02 4.219034682556006999e+01 4.691226000110144696e+02 2.019701063756318717e+02
1.444095649391545222e-01 1.759710865739640440e+03 2.664860645769965117e+02 8.205633676176844347e+02 5.063575955822163337e+02 3.122057720354674188e+02 1.775139406314808355e+01 2.720816826608865995e+02 2.940992906030131167e+02 2.484061257083541534e+02 4.028580594989115582e+01 4.221689747122992458e+02 1.809649506746593772e+02
1.588583696139194423e-01 1.507478464135253716e+03 2.511161755968302600e+02 6.609978230278650244e+02 3.783864694888044369e+02 2.806113535390609286e+02 1.653986519724742976e+01 2.423027549737513198e+02 2.643052658367470258e+02 2.108456100986530544e+02 3.830132343395905536e+01 3.785443892943160336e+02 1.615346906504978506e+02
1.747528400007684612e-01 1.293209323387228551e+03 2.352667368160497858e+02 5.346384783340308786e+02 2.816256578684374290e+02 2.510128204655929949e+02 1.545420127073238525e+01 2.147783414050321369e+02 2.368890342311493953e+02 1.775787813430146969e+02 3.625053203654324818e+01 3.381535429868521305e+02 1.436138398012386119e+02
1.922376212380460248e-01 1.110847455783623900e+03 2.191448211927320244e+02 4.341535613973283603e+02 2.086898292799847354e+02 2.234637321173435396e+02 1.440680299437889111e+01 1.894419457015333990e+02 2.116423372863072814e+02 1.489226243832014802e+02 3.412925115396179621e+01 3.008266819432370767e+02 1.271060023243084487e+02
2.114718308389148815e-01 9.551729165570953910e+02 2.029151632018657381e+02 3.538259415998837198e+02 1.538731062393983393e+02 1.979528353604848974e+02 1.338535171747172114e+01 1.662152447061136797e+02 1.884321441407230964e+02 1.245661378641288479e+02 3.195342511452921386e+01 2.664321956999246481e+02 1.118991110182940076e+02
2.326305067153627282e-01 8.216841555366826242e+02 1.867699323016000221e+02 2.892462480262523741e+02 1.128087898093415760e+02 1.744374582169106134e+02 1.243465140421449711e+01 1.450132061402105137e+02 1.671841243675230828e+02 1.040082484169676178e+02 2.975399675231131269e+01 2.348561282288290215e+02 9.783995498717354167e+01
2.559062000833060568e-01 6.939696572265988834e+02 1.708740947545935853e+02 2.370161466912681476e+02 8.215926137581298860e+01 1.528568853154551164e+02 1.157866551452794823e+01 1.257461949166338968e+02 1.478106014797205034e+02 8.671515191071895856e+01 2.755692253821213100e+01 2.059301428404930903e+02 8.468523253796743688e+01
2.815107277447732037e-01 5.817986920951452703e+02 1.553844073903485707e+02 1.945164311034077969e+02 5.937722999561907500e+01 1.331392011077888071e+02 1.078002268315752943e+01 1.083207533317145277e+02 1.301768269455810980e+02 7.218963743310412440e+01 2.537374542703098257e+01 1.795637058956345129e+02 7.265466997121897919e+01
3.096770996935353515e-01 4.893596235979274525e+02 1.404342932920708904e+02 1.597268172689840355e+02 4.252180333966693127e+01 1.152050139293171043e+02 1.004657039579104882e+01 9.264045214472540124e+01 1.141854014587915742e+02 5.998757555810086473e+01 2.322415032789501055e+01 1.557227900647454817e+02 6.200686290772368636e+01
3.406616395860617152e-01 4.125148098110652199e+02 1.261341395789825413e+02 1.310855974907210850e+02 3.011698647915860150e+01 9.896861101156262919e+01 9.329576949366245486e+00 7.860678286869894293e+01 9.969754374859942914e+01 4.971127214719231091e+01 2.111460470326898786e+01 1.342711181763251318e+02 5.271734265176221612e+01
3.747463173748084020e-01 3.480918092370089880e+02 1.125730452566262869e+02 1.073847695180889872e+02 2.104256908075127441e+01 8.434220043733770922e+01 8.674357007300246281e+00 6.612005036472405095e+01 8.665925681297943584e+01 4.103259352436442242e+01 1.907239060356826599e+01 1.151100610513352933e+02 4.468098142672342732e+01
4.122413153316091816e-01 2.936619357876548975e+02 9.981685526810881015e+01 8.768820321429532783e+01 1.445021696618690576e+01 7.123798624810848423e+01 8.037637482244338827e+00 5.508022640159183680e+01 7.494400537652366268e+01 3.369288583875616183e+01 1.710297445026638030e+01 9.806886629686199797e+01 3.775334073786100930e+01
4.534878508128583063e-01 2.473745141090271034e+02 8.791668899337791743e+01 7.126788410558872044e+01 9.699111471742185131e+00 5.956877263384645715e+01 7.445830708114622887e+00 4.538772282770204214e+01 6.448667228888675140e+01 2.748410140543775881e+01 1.522619359625856994e+01 8.301858198946231937e+01 3.179989818151556591e+01
4.988612814546216634e-01 2.078096160369888992e+02 7.690306265878885483e+01 5.755498007673529770e+01 6.306564890179940264e+00 4.924841518655536277e+01 6.926831407333675195e+00 3.694404197621784647e+01 5.522765471798104642e+01 2.223855514259375354e+01 1.346109058645105705e+01 6.983161947790677004e+01 2.669832560077141892e+01
5.487745210560133202e-01 1.738725135704712557e+02 6.679125973998199584e+01 4.610220281829145250e+01 3.910127310248767252e+00 4.019207550804267015e+01 6.407008815854400297e+00 2.965226974969701956e+01 4.701854861924188356e+01 1.781978992160372144e+01 1.180025266070700063e+01 5.830854197736307754e+01 2.232277396654096435e+01
6.036817972365550178e-01 1.447166668126554328e+02 5.758697509456285957e+01 3.655484980167532427e+01 2.238611006369559675e+00 3.231623879530579302e+01 5.917094015188519407e+00 2.341738964002320955e+01 3.980318754254632552e+01 1.411460807683255325e+01 1.025874621199365855e+01 4.832432977554771014e+01 1.857572556711919276e+01
6.640827850634846152e-01 1.196773067305576603e+02 4.928159896878867130e+01 2.862844915339587004e+01 1.089977910111135095e+00 2.553847124328470031e+01 5.492331051414264920e+00 1.814641528904479628e+01 3.353460290888690309e+01 1.102871052830820098e+01 8.851565403321286496e+00 3.976478181654774602e+01 1.537982187228265829e+01
7.305271542664454332e-01 9.822633901199748152e+01 4.185609326814994091e+01 2.209139215313124183e+01 3.144749024652396252e-01 1.977691725066600625e+01 5.099471267492485360e+00 1.374836054059175083e+01 2.810490787631521314e+01 8.481557577873582332e+00 7.574478645409616462e+00 3.247115847680811385e+01 1.266228662394882853e+01
8.036195714207738927e-01 7.993418930450378923e+01 3.528127271838484802e+01 1.675137590820767386e+01 -1.981969724271946676e-01 1.494957288063486445e+01 4.702899908412653929e+00 1.013409653139958699e+01 2.340673924360837788e+01 6.403335893234188170e+00 6.420600126899706162e+00 2.628896519303055612e+01 1.036088355470974065e+01
8.840252026209607372e-01 6.444192127095107026e+01 2.951916066437878428e+01 1.244475488224225046e+01 -5.286500362379625839e-01 1.097340491848022381e+01 4.336141555060565089e+00 7.216175806682190164e+00 1.939417288843588238e+01 4.732313921965602077e+00 5.396786293743466523e+00 2.111729172220274364e+01 8.431323212003043466e+00
9.724757667205176093e-01 5.143903794949726915e+01 2.452367603473663138e+01 9.028151738963233086e+00 -7.352273176936030552e-01 7.763379056656830812e+00 3.977941577763911329e+00 4.908732536694306425e+00 1.597918770554581513e+01 3.412658147172747292e+00 4.495597256329509683e+00 1.682551572437014897e+01 6.827890802513287838e+00
1.069776194224799193e+00 4.064740535222999540e+01 2.024159926161924972e+01 6.372085964873607900e+00 -8.592602874748583863e-01 5.231346252348474835e+00 3.679592904162064748e+00 3.127596365810271450e+00 1.313812310736765632e+01 2.392839518410914135e+00 3.724093640220101253e+00 1.333803591636757879e+01 5.519044969762053832e+00
1.176811952434998476e+00 3.181015240379585407e+01 1.661349339565196104e+01 4.357549544019242660e+00 -9.295431318456691683e-01 3.287092675864918156e+00 3.401518998448239017e+00 1.790768952296510230e+00 1.077191271271212081e+01 1.624857499438811859e+00 3.066094519600848667e+00 1.052260899311038678e+01 4.463238674141897455e+00
1.294557103504641038e+00 2.468246491180941149e+01 1.357542992896164158e+01 2.874460840923430904e+00 -9.671477443011960995e-01 1.841608585224628669e+00 3.112478152548904031e+00 8.193837237994271439e-01 8.789505069575824336e+00 1.064148288183061508e+00 2.504887218613797817e+00 8.257131817421452524e+00 3.621848933784100666e+00
1.424083168739649130e+00 1.903074464557317569e+01 1.106077813505614849e+01 1.820874786986981686e+00 -9.859358210274290490e-01 8.068106080144107350e-01 2.849655479122492174e+00 1.391747363449551966e-01 7.166706033038101609e+00 6.693359121831939929e-01 2.039464370675863059e+00 6.476349477613495331e+00 2.967914781939698265e+00
1.566568879810167125e+00 1.462880404534067935e+01 9.001443140098819740e+00 1.102730893154777680e+00 -9.945688896952447067e-01 9.729978285002281735e-02 2.627436066050293562e+00 -3.176752166007840161e-01 5.864791819537226836e+00 4.026223669148921158e-01 1.662815466986912183e+00 5.107307248821992829e+00 2.472882795804189460e+00
1.723310905613508304e+00 1.126120344821678465e+01 7.331466717704417491e+00 6.356327991799914923e-01 -9.981490712232774509e-01 -3.662181295967310013e-01 2.390122706760521076e+00 -6.106155151854558705e-01 4.786320870675848660e+00 2.306313662118902319e-01 1.350350319875361693e+00 4.034717033111958173e+00 2.099702811793346946e+00
1.895735652406376204e+00 8.725295285573107407e+00 5.987421515513934089e+00 3.472066899496465409e-01 -9.994582223378047914e-01 -6.533350877125490008e-01 2.178254920528763794e+00 -7.891773264720678416e-01 3.923049080376863174e+00 1.252627426781506015e-01 1.100413447048659288e+00 3.219303460840049258e+00 1.827315458540318183e+00
2.085412244591588138e+00 6.838610227154866550e+00 4.911762265531793403e+00 1.788871580289562169e-01 -9.998683341009253489e-01 -8.212445078701183787e-01 1.976038431062584033e+00 -8.922323566775356429e-01 3.226262297640532406e+00 6.419978769086900905e-02 8.996340552419084258e-01 2.595021928670528055e+00 1.630326629851434506e+00
2.294066804288951378e+00 5.442222551710218070e+00 4.052768309455174744e+00 8.640310263747633113e-02 -9.999745351847105779e-01 -9.136223621778130077e-01 1.786685662103961736e+00 -9.483169171165973799e-01 2.665201058225190600e+00 3.086114000418076556e-02 7.390521043718328853e-01 2.116228852286450302e+00 1.489037054566828777e+00
2.523598159639262928e+00 4.406102985481274992e+00 3.366668443481127149e+00 3.878846859009128789e-02 -9.999962839136031789e-01 -9.612152474963061577e-01 1.620948467651563529e+00 -9.769488124070907498e-01 2.223727460712657145e+00 1.379691186174422830e-02 6.135571678682403274e-01 1.754347036718000297e+00 1.389204733222404675e+00
2.776095124792418822e+00 3.628493167174204004e+00 2.816848187303202522e+00 1.599222657395662356e-02 -9.999996174240900482e-01 -9.840081560019539042e-01 1.477227286095009307e+00 -9.905540867899698121e-01 1.877571994071410622e+00 5.666954746600416128e-03 5.158535470797739331e-01 1.479497608602649894e+00 1.318360923488472336e+00
3.053855508833416277e+00 3.033772059415837941e+00 2.373629817304474532e+00 5.958934446535491675e-03 -9.999999744814358493e-01 -9.940410910720280935e-01 1.341690229502011666e+00 -9.965010000001764956e-01 1.596372423264999840e+00 2.103714060451275514e-03 4.371193121657895309e-01 1.260861159308976909e+00 1.265748718787156779e+00
3.359407026634058546e+00 2.568214355684216965e+00 2.013560155491874060e+00 1.965509794537903619e-03 -9.999999990106829273e-01 -9.980344911947788278e-01 1.199662771450127119e+00 -9.988525383995464635e-01 1.352775719933062781e+00 6.922645441642534233e-04 3.694888059202401931e-01 1.072985057100270812e+00 1.223257736259054429e+00
3.695530301926242878e+00 2.194769835394711155e+00 1.718337759581243684e+00 5.591439065095220795e-04 -9.999999999807988038e-01 -9.994408561126911783e-01 1.055494020136649835e+00 -9.996754404341765543e-01 1.139889031279692100e+00 1.977100017140429999e-04 3.107742604369678752e-01 9.087320068463856648e-01 1.187656737711563437e+00
4.065284171932743718e+00 1.888352530234428617e+00 1.473846436501458967e+00 1.328197652969993867e-04 -9.999999999999903411e-01 -9.998671802347128823e-01 9.373228567859773763e-01 -9.999233444052169073e-01 9.749232798738106665e-01 4.718919480861246351e-05 2.654275239301658873e-01 7.812994066969378704e-01 1.160625908558698738e+00
4.472033523836260294e+00 1.632052357185018288e+00 1.269256568800608997e+00 2.530481981898632842e-05 -1.000000000000000000e+00 -9.999746951801812278e-01 8.506630695443792023e-01 -9.999854794919164069e-01 8.559645393580185280e-01 7.679756412232370362e-06 2.327862795440740207e-01 6.891518071634503695e-01 1.141308380115459098e+00
4.919479916408221243e+00 1.414376240702805099e+00 1.096292178892259717e+00 3.676722014117941619e-06 -9.999999999999994449e-01 -9.999963232779857103e-01 7.565127087972181030e-01 -9.999979024639379377e-01 7.431097948895480920e-01 -6.872921967657362146e-08 2.019480139691863241e-01 6.006346772147217461e-01 1.122983423793225910e+00
5.411695265464640414e+00 1.227354074886969570e+00 9.486519223078619945e-01 3.823972813390163277e-07 -1.000000000000000000e+00 -9.999996176027184935e-01 6.512105942389602165e-01 -9.999997831327630538e-01 6.293507793027416364e-01 -4.560786381798522801e-07 1.709586016623443339e-01 5.104317285487606215e-01 1.104438893225090146e+00
5.953158899698244078e+00 1.065301667813002728e+00 8.215570042650277571e-01 2.626967076897739905e-08 -9.999999999999996669e-01 -9.999999737303293390e-01 5.774950644030981683e-01 -9.999999851911730575e-01 5.497292239844403516e-01 -2.408735671336672331e-07 1.492744045231243488e-01 4.468534712431216915e-01 1.091378500288659126e+00
6.548798324107705682e+00 9.240365994246705350e-01 7.113891297596017793e-01 1.071939714389508442e-09 -9.999999999999998890e-01 -9.999999989280603518e-01 5.107806838091515367e-01 -9.999999993993410330e-01 4.811270031112729884e-01 -2.357698448570795152e-07 1.306147145533672616e-01 3.917434704896503028e-01 1.080080512452493480e+00
7.204034061985099768e+00 8.003793210768103128e-01 6.153902108042913488e-01 2.123013705915581720e-11 -1.000000000000000222e+00 -9.999999999787699823e-01 4.380762366720656331e-01 -9.999999999881635793e-01 4.101328712543080290e-01 -3.460894805756179720e-08 1.113284057126254362e-01 3.345080207883293077e-01 1.068369334248368885e+00
7.924828983539177862e+00 6.918323700436165291e-01 5.314209440300420306e-01 3.201022037817615561e-14 -1.000000000000000000e+00 -9.999999999999679146e-01 3.838212886360807818e-01 -9.999999999999823475e-01 3.572980584071544508e-01 3.723454530145608062e-07 9.697356346005925332e-02 2.916447710257675796e-01 1.059596554440920935e+00
8.717742570061773222e+00 5.963884704351793964e-01 4.577925779380085380e-01 -1.220965448678237716e-18 -1.000000000000000000e+00 -1.000000000000000000e+00 3.306641314816172184e-01 -1.000000000000000000e+00 3.071092048658282669e-01 6.266424432417822456e-07 8.334717236712363420e-02 2.508772839736690408e-01 1.051261864505546928e+00
9.589990607459979444e+00 5.124024670086811950e-01 3.931445394582608333e-01 -2.488154448535922146e-20 -1.000000000000000222e+00 -1.000000000000000222e+00 2.840205656018463531e-01 -1.000000000000000222e+00 2.634739403705521066e-01 3.443593541308158548e-07 7.150110087099587064e-02 2.153426914012570581e-01 1.043997283088092809e+00
1.054951085238560005e+01 4.385084654815946115e-01 3.363619374596972245e-01 -1.915613099605538230e-22 -1.000000000000000000e+00 -1.000000000000000000e+00 2.433671639312360024e-01 -1.000000000000000000e+00 2.258449104743038838e-01 -5.624968418897379429e-08 6.128750711772124049e-02 1.846312575600264072e-01 1.037720528294176603e+00
1.160503526854637713e+01 3.735868713032883814e-01 2.865382033723758992e-01 -1.119488425154546467e-24 -1.000000000000000000e+00 -1.000000000000000000e+00 2.070649504621845938e-01 -1.000000000000000000e+00 1.924409076240870264e-01 -8.029633908332401277e-08 5.222152923440658706e-02 1.573388978730339005e-01 1.032143567499946624e+00
1.276616949057407702e+01 3.167131789111322648e-01 2.429300395795437884e-01 -5.386195867553865221e-27 -1.000000000000000222e+00 -1.000000000000000222e+00 1.747282690883162348e-01 -1.000000000000000222e+00 1.627831493676029362e-01 -1.851685142268007338e-08 4.417309560499189935e-02 1.330865925415678497e-01 1.027188666405131290e+00
1.404348023859805394e+01 2.670741416361998022e-01 2.048911845565476453e-01 -2.060698646240887128e-29 -1.000000000000000222e+00 -1.000000000000000222e+00 1.469399565427008392e-01 -1.000000000000000222e+00 1.372770513164877082e-01 -1.500571720661839717e-07 3.725105950759775159e-02 1.122173597435470738e-01 1.022924451010695179e+00
1.544859147902676000e+01 2.239209539069134114e-01 1.718353289109235127e-01 -4.945154247212439919e-32 -1.000000000000000000e+00 -1.000000000000000000e+00 1.232325091226102176e-01 -1.000000000000000000e+00 1.155286716500074501e-01 -2.224134237447255487e-07 3.134902515430835340e-02 9.440651372519259787e-02 1.019285375941836991e+00
1.699429020663351508e+01 1.865527356075487586e-01 1.432190197947409149e-01 6.561683546584226998e-35 -1.000000000000000444e+00 -1.000000000000000444e+00 1.021063421330998117e-01 -1.000000000000000444e+00 9.611159787017305167e-02 -9.659436123910070902e-08 2.607998156987884064e-02 7.851042303545652246e-02 1.016038018952730493e+00
1.869464281059971000e+01 1.543607374348991979e-01 1.185697900895804346e-01 1.688408559247898157e-36 -9.999999999999997780e-01 -9.999999999999997780e-01 8.396047572788563340e-02 -9.999999999999997780e-01 7.938920581918251784e-02 3.488964043641259108e-08 2.154230156066255786e-02 6.481638381529908344e-02 1.013240680636993574e+00
2.056512308348651530e+01 1.268387834566409300e-01 9.749283336123858168e-02 1.338278022410832707e-38 -1.000000000000000000e+00 -1.000000000000000000e+00 6.894425899721387530e-02 -1.000000000000000000e+00 6.549250362895839284e-02 6.165255892849582575e-08 1.777126939151770987e-02 5.343314732470039186e-02 1.010915191685502590e+00
2.262275303806046978e+01 1.034814677030101715e-01 7.959785996892937421e-02 7.940320108361685452e-41 -1.000000000000000000e+00 -1.000000000000000000e+00 5.597157146354633100e-02 -1.000000000000000000e+00 5.342326316261077762e-02 3.481912211708052180e-08 1.449612401145985476e-02 4.355596590587540451e-02 1.008897294942127987e+00
2.488625781345471566e+01 8.373275817575721869e-02 6.446137271765792209e-02 3.873635299492883676e-43 -1.000000000000000222e+00 -1.000000000000000222e+00 4.506948747306563363e-02 -1.000000000000000222e+00 4.322960792569774391e-02 9.393689599569043793e-09 1.173000785254870067e-02 3.521605655781845368e-02 1.007193534410180780e+00
2.737623608036490808e+01 6.713820134495293579e-02 5.173527745990811472e-02 1.512097627327223151e-45 -1.000000000000000000e+00 -1.000000000000000000e+00 3.599107643758263364e-02 -1.000000000000000000e+00 3.470565663174864784e-02 2.730813388859847753e-09 9.417091641801090401e-03 2.824444368365941482e-02 1.005769451574393125e+00
3.011534749602566663e+01 5.336861411605567374e-02 4.116472055983864953e-02 3.832738494219316974e-48 -9.999999999999997780e-01 -9.999999999999997780e-01 2.847693529236349635e-02 -9.999999999999997780e-01 2.760363396829564747e-02 5.540834774037522062e-09 7.489945833547880481e-03 2.244386363446004840e-02 1.004584492903332960e+00
3.312851891487240152e+01 4.199000641366643777e-02 3.242116719656058799e-02 -3.134026818468331462e-51 -1.000000000000000444e+00 -1.000000000000000444e+00 2.232493724966900378e-02 -1.000000000000000444e+00 2.175177658081292945e-02 2.508578907434737910e-09 5.902047127573961487e-03 1.766789017559100561e-02 1.003608852066735002e+00
3.644317123147570214e+01 3.263406153405586790e-02 2.522422832021298592e-02 -1.141502178694237042e-52 -1.000000000000000000e+00 -1.000000000000000000e+00 1.727045247842742826e-02 -1.000000000000000000e+00 1.692014556668959557e-02 3.878823937701435297e-09 4.591056178656123359e-03 1.372844481695678631e-02 1.002804187154746618e+00
4.008946892009807783e+01 2.506263563371979863e-02 1.939149767718877440e-02 -9.336816824041691713e-55 -9.999999999999998890e-01 -9.999999999999998890e-01 1.321810886125384873e-02 -9.999999999999998890e-01 1.301324280568513965e-02 6.474657163035415998e-09 3.530913697362313402e-03 1.054791704353208459e-02 1.002154469294025407e+00
4.410059454176740701e+01 1.896289017479580938e-02 1.468729086524097650e-02 -5.626516528998088600e-57 -9.999999999999998890e-01 -9.999999999999998890e-01 9.962527735879416965e-03 -9.999999999999998890e-01 9.864012024119387170e-03 8.454578237638580085e-10 2.676442470995841517e-03 7.986976978810012007e-03 1.001631401232643270e+00
4.851305071697626659e+01 1.413778419084844341e-02 1.096088836619558970e-02 -2.782814713416647658e-59 -9.999999999999998890e-01 -9.999999999999998890e-01 7.382955066730310587e-03 -9.999999999999998890e-01 7.347924917687520194e-03 -5.659451688648430735e-10 1.993727775262275643e-03 5.943920811537384274e-03 1.001214073492772361e+00
5.336699231206306138e+01 1.035960972264661668e-02 8.039614096545230626e-03 -1.107410438050359279e-61 -1.000000000000000222e+00 -1.000000000000000222e+00 5.387003747801493055e-03 -1.000000000000000222e+00 5.389480070961437559e-03 1.867299467970159027e-09 1.462333724452605666e-03 4.355418147702794229e-03 1.000889610462782242e+00
5.870659186228386517e+01 7.438916922328978228e-03 5.778823806014172712e-03 -2.948275051065141707e-64 -1.000000000000000000e+00 -1.000000000000000000e+00 3.867260159246024322e-03 -1.000000000000000000e+00 3.889575976329628405e-03 -6.469547336225361657e-10 1.055362872581363295e-03 3.140147789574943005e-03 1.000641385051777910e+00
6.458044155705078992e+01 5.211939873735291218e-03 4.053098695198430711e-03 1.122485601841685726e-67 -9.999999999999997780e-01 -9.999999999999997780e-01 2.679495433775441835e-03 -9.999999999999997780e-01 2.711062814300732940e-03 -1.305309418276713138e-09 7.355916554327740931e-04 2.186396019632330656e-03 1.000446572835236525e+00
7.104199544554195711e+01 3.508644416037986612e-03 2.731232518183446343e-03 7.685684812141299017e-69 -9.999999999999998890e-01 -9.999999999999998890e-01 1.800816067194036581e-03 -9.999999999999998890e-01 1.835855863425074662e-03 6.180374505030018683e-11 4.981135744393779072e-04 1.479150777557891594e-03 1.000302109311583143e+00
7.815005588690304705e+01 2.186704312559703198e-03 1.702222292081023193e-03 6.504861777306306546e-71 -1.000000000000000000e+00 -1.000000000000000000e+00 1.096572291981819016e-03 -1.000000000000000000e+00 1.139326660179062426e-03 -1.189089789429643376e-10 3.091382064764601500e-04 9.178844039156031087e-04 1.000187484949867756e+00
8.596930867190785364e+01 1.314273451679136284e-03 1.019090055121561018e-03 3.983098428931096951e-73 -1.000000000000000000e+00 -1.000000000000000000e+00 6.306512732042681042e-04 -1.000000000000000000e+00 6.859969924207837046e-04 -1.141457811530985578e-10 1.862111075169746086e-04 5.546327034663400823e-04 1.000113370005936364e+00
9.457091168586580920e+01 1.586706269154595323e-03 1.232252408796828290e-03 1.997052561682564366e-75 -1.000000000000000000e+00 -1.000000000000000000e+00 8.110548493970774851e-04 -1.000000000000000000e+00 8.324089428811585426e-04 8.173884193263311586e-11 2.259205950562024245e-04 6.720607363809305568e-04 1.000137337082782407e+00
1.040331424698117644e+02 2.405301318813015798e-03 1.876040004494010892e-03 8.095596268707489190e-78 -1.000000000000000000e+00 -1.000000000000000000e+00 1.316235376816268527e-03 -1.000000000000000000e+00 1.257401983441370878e-03 2.908855529216228549e-11 3.409885277520021156e-04 1.011469164621581207e-03 1.000206398086521675e+00
1.144421105730095007e+02 1.286526514129292384e-03 1.000890997424763382e-03 2.253260830251498874e-80 -1.000000000000000000e+00 -1.000000000000000000e+00 6.849133117472968072e-04 -1.000000000000000000e+00 6.714160867016849858e-04 -1.962567912710197775e-12 1.821612859705305332e-04 5.412872997500040029e-04 1.000110543076471181e+00
1.258925411794167672e+02 2.373388072732776613e-05 1.737891242997910470e-05 -8.665958495398560061e-93 -1.000000000000000000e+00 -1.000000000000000000e+00 -7.660105691129503013e-06 -1.000000000000000000e+00 1.232386305797458340e-05 -1.396560376933004601e-11 3.377608411745045714e-06 1.045102096552952275e-05 1.000002171011040719e+00
