# [0] Scale, $r$ [Mpc/$h$]# [1] Tracer correlation, $\xi_{2h}(r)$# [2] 2-halo tracer correlation, $\xi_{2h}(r)$# [3] 1-halo tracer correlation, $\xi_{1h}(r)$# [4] 1-halo central-sallite tracer correlation, $\xi_{1h}^{cs}(r)$# [5] 1-halo satellite-sallite tracer correlation, $\xi_{1h}^{ss}(r)$# [6] Linear matter correlation, $\xi_{m}^{\rm lin}(r)$# [7] 1-halo matter correlation, $\xi_{1h}(r)$# [8] 2-halo matter correlation, $\xi_{2h}(r)$# [9] 1-halo matter-tracer correlation, $\xi_{1h}^{m\times T}(r)$# [10] 2-halo matter-tracer correlation, $\xi_{2h}^{m\times T}(r)$# [11] Matter correlation, $\xi_{mm}(r)$# [12] Matter-tracer correlation, $\xi_{m\times T}(r)$1.000000000000000368e-02 8.190258760763626196e+04 4.196537665085309072e+02 8.148293384112772765e+04 7.985144565399106068e+04 1.629488187136796569e+03 1.227551456094882099e+02 2.001136372281830972e+03 3.066345511456289387e+03 2.980536053556557363e+03 7.678185533602018609e+01 5.068481883738120814e+03 3.058317908892577634e+03
1.100054346683011601e-02 7.112899854309437796e+04 4.189995439021991501e+02 7.070999899919217569e+04 6.913162033551512286e+04 1.576378663677194709e+03 1.147608779589223928e+02 1.940469576175439443e+03 2.853616571851101980e+03 2.861340037737001239e+03 7.600996761164535087e+01 4.795086148026541196e+03 2.938350005348646391e+03
1.210119565656186946e-02 6.161121528881700942e+04 4.182286345234744545e+02 6.119298665429353423e+04 5.966881077482188266e+04 1.522175879471588814e+03 1.072872494468108044e+02 1.877987728133493647e+03 2.654515504529667851e+03 2.735835602255694084e+03 7.524982607277497948e+01 4.533503232663161725e+03 2.812085428328468879e+03
1.331197288206244743e-02 5.322687181849520130e+04 4.173762086515408782e+02 5.280949560984365962e+04 5.134043584668704716e+04 1.467059763156662711e+03 1.003003245854184371e+02 1.813876023433409955e+03 2.468226927167357644e+03 2.609596519321496089e+03 7.454181306312894151e+01 4.283102950600767144e+03 2.685138332384624846e+03
1.464389363183916590e-02 4.586299028401364194e+04 4.163756123060491063e+02 4.544661467170758988e+04 4.403339492384743062e+04 1.411219747860161988e+03 9.376839506249027067e+01 1.748340179366359735e+03 2.293968340241268834e+03 2.481313066693196106e+03 7.391182214945584406e+01 4.043308519607628568e+03 2.556224888842652035e+03
1.610907884206834104e-02 3.941539261388376326e+04 4.151638451414282827e+02 3.900022876874233771e+04 3.764337679569835745e+04 1.354851973043952967e+03 8.766185494903091069e+01 1.681603827906531023e+03 2.130989987525836113e+03 2.352110800296889920e+03 7.337073420664361834e+01 3.813593815432367137e+03 2.426481534503533567e+03
1.772086220127660691e-02 3.378818113300621917e+04 4.137575295175801102e+02 3.337442360348864167e+04 3.207426721728787015e+04 1.298156386200784254e+03 8.195301395864663618e+01 1.613905434744279319e+03 1.978575477174780190e+03 2.222049044314896946e+03 7.291536085257487798e+01 3.593480911919059508e+03 2.295964405167471796e+03
1.949391149148499425e-02 2.889308034502249211e+04 4.121081639987041854e+02 2.848097218102378974e+04 2.723763833312849238e+04 1.241333847895238705e+03 7.661593535282973733e+01 1.545494847062693680e+03 1.836043089123535310e+03 2.092633896186734546e+03 7.253066895324792540e+01 3.382537936186228762e+03 2.166164565139982642e+03
2.144436207006196124e-02 2.464914055487730002e+04 4.102536453645377605e+02 2.423888690951276294e+04 2.305230357038729562e+04 1.184583339125493694e+03 7.162640037105634860e+01 1.476629590819876512e+03 1.702749729531572484e+03 1.963646074753160747e+03 7.219311523578157619e+01 3.180379320351448769e+03 2.036839189988942280e+03
2.358996370701595471e-02 2.098213196336433248e+04 4.081102271805447685e+02 2.057402173618378947e+04 1.944392237677074445e+04 1.128099359413041839e+03 6.696182100156670458e+01 1.407571048961948236e+03 1.578092943525464761e+03 1.836190882700076827e+03 7.187428609594132922e+01 2.986663992487412997e+03 1.909065168796018042e+03
2.595024211399736547e-02 1.782430918386212943e+04 4.056008744595757207e+02 1.741870830940255473e+04 1.634463872503413586e+04 1.072069584368415235e+03 6.260111132493959474e+01 1.338580649995309386e+03 1.461509944737427077e+03 1.710878408987194689e+03 7.154451379752042328e+01 2.801090594732736463e+03 1.783422922784715183e+03
2.854667663497933647e-02 1.511415673979345593e+04 4.027412096593297406e+02 1.471141553013412704e+04 1.369274269385374464e+04 1.016672836280358069e+03 5.852497002830261863e+01 1.269916192501332944e+03 1.352478067688809233e+03 1.588225832427081741e+03 7.117640150095985518e+01 2.623394260190142177e+03 1.660402233928041596e+03
3.140289571566335508e-02 1.279593094952821048e+04 3.995090480256011460e+02 1.239642190150261013e+04 1.143234450335904148e+04 9.620773981435701216e+02 5.469972324714479583e+01 1.201828413704634613e+03 1.250506223403969216e+03 1.468849564376233502e+03 7.074463174853309511e+01 2.453334637108603602e+03 1.540594196124766540e+03
3.454489193044878170e-02 1.081928254380315593e+04 3.957900020663930718e+02 1.042349254173676309e+04 9.513052862335287500e+03 9.084396794014692205e+02 5.111632878043148054e+01 1.134557886463501291e+03 1.155151736317848872e+03 1.353342368871286453e+03 7.023327876210493059e+01 2.290709622781349935e+03 1.424575647633391327e+03
3.800125852378506003e-02 9.139152377351772884e+03 3.915968300001239299e+02 8.747555547351648784e+03 7.889652325736376952e+03 8.559032216152687624e+02 4.776751407745811662e+01 1.068332300637927801e+03 1.066009508449285477e+03 1.242234277707121691e+03 6.963309089317681355e+01 2.135341809087213278e+03 1.312867368600298505e+03
4.180344961851456542e-02 7.715238322532740312e+03 3.868634751292065062e+02 7.328374847403533749e+03 6.521776833280945539e+03 8.045980141225978741e+02 4.462519130004301360e+01 1.003364152307637141e+03 9.826932115731100339e+02 1.135999428337163636e+03 6.893511043962077167e+01 1.987057363880747289e+03 1.205934538776784393e+03
4.598606645919118413e-02 6.511770452153110455e+03 3.815515775209724438e+02 6.130218874632138068e+03 5.373578800988675539e+03 7.546400736434587770e+02 4.168136830500946388e+01 9.398488284316567842e+02 9.048551206758722856e+02 1.035025146114383688e+03 6.813654498702092610e+01 1.845703949107529070e+03 1.104161691101404585e+03
5.058717229528709308e-02 5.497156658922202041e+03 3.756313176931117255e+02 5.121525341229090373e+03 4.413394122580311887e+03 7.061312186487721192e+02 3.892386700830301294e+01 8.779630246913654901e+02 8.321683445872035918e+02 9.395736715626213709e+02 6.723415966685860212e+01 1.711131369278569082e+03 1.007807831229479916e+03
5.564863876983296154e-02 4.643624810393028383e+03 3.690596312851563425e+02 4.274565179107871700e+03 3.613406227176028096e+03 6.591589519318508792e+02 3.634624268449684337e+01 8.178633813049169703e+02 7.643299688507270275e+02 8.498436384109234041e+02 6.622490820665194633e+01 1.583193350155644112e+03 9.170685466175752936e+02
6.121652696574745450e-02 3.926885524892121339e+03 3.617768340141723797e+02 3.565108690877948902e+03 2.949312376894628414e+03 6.137963139833225341e+02 3.392884384858330549e+01 7.596851125976768344e+02 7.010442866783321278e+02 7.659179506032382960e+02 6.510066693268767324e+01 1.461729399276008962e+03 8.320186175359259551e+02
6.734150657750821722e-02 3.325822048300655752e+03 3.537248577763539856e+02 2.972097190524301823e+03 2.399995743607139502e+03 5.701014469171627752e+02 3.166852204745291033e+01 7.035401657165723464e+02 6.420442448846752086e+02 6.878024765794484665e+02 6.385627841245240432e+01 1.346584410601247555e+03 7.526587549919008779e+02
7.407931702277049946e-02 2.822203349772066758e+03 3.448800925797150967e+02 2.477323257192351775e+03 1.947207019050396411e+03 5.281162381419544545e+02 2.955796227443988755e+01 6.495137770566788049e+02 5.870767701842048609e+02 6.154189917370676994e+02 6.248554754617826745e+01 1.237590547240883552e+03 6.789045392832459811e+02
8.149127469020747694e-02 2.400378185343212408e+03 3.352571403131793204e+02 2.065121045030033201e+03 1.575259073886893702e+03 4.878619711431373958e+02 2.757352513434586427e+01 5.976559273997469290e+02 5.358917898514727085e+02 5.486207944197813049e+02 6.097865914774830998e+01 1.134547717251219638e+03 6.105994535675296220e+02
8.964483093970193606e-02 2.046907247778701276e+03 3.248478054445257044e+02 1.722059442334175628e+03 1.270737730725522624e+03 4.493217116086539136e+02 2.571981113575061784e+01 5.479528564717410291e+02 4.882780930187317381e+02 4.871925814371639945e+02 5.933536131791912283e+01 1.037230949490472767e+03 5.475279427550831315e+02
9.861418593288280576e-02 1.750307082767357542e+03 3.135876588460960193e+02 1.436719423921261523e+03 1.022230824494085596e+03 4.124885994271756999e+02 2.401829222499353023e+01 5.004217902283704120e+02 4.440541807654902300e+02 4.308686959468413988e+02 5.756261142756193294e+01 9.454759709938606420e+02 4.894313073744033318e+02
1.084809638800743326e-01 1.501026182956604771e+03 3.014762861682472135e+02 1.199549896788357501e+03 8.200775137963306634e+02 3.774723829920242792e+02 2.235454706907698963e+01 4.552906944257662190e+02 4.029348209412308393e+02 3.794045348392977530e+02 5.563009158975792445e+01 8.592255153669971151e+02 4.360346264290556633e+02
1.193349558486384854e-01 1.291062113341010672e+03 2.886043238246351166e+02 1.002457789516375556e+03 6.561388413211104762e+02 3.443189481952636584e+02 2.087527485425889395e+01 4.126771865947151809e+02 3.648715533180311468e+02 3.324643167077140902e+02 5.358591575097796778e+01 7.785487399127463277e+02 3.870502324586920508e+02
1.312749368925199278e-01 1.113590238373438751e+03 2.749692010706652354e+02 8.386210373027734022e+02 5.235863467707971495e+02 3.130346905319768211e+02 1.947740575944053631e+01 3.726209718960072337e+02 3.296130715835878959e+02 2.895925487172638100e+02 5.140864791403056699e+01 7.032340434795951296e+02 3.420011966312943628e+02
1.444095649391545222e-01 9.594243359704234990e+02 2.606176566517405604e+02 6.988066793186829955e+02 4.132004410802965708e+02 2.836062382383870499e+02 1.809728311499156206e+01 3.351206342130905114e+02 2.969421934177547087e+02 2.500648099017778350e+02 4.908791650571763654e+01 6.330628276308452769e+02 3.001527264074954928e+02
1.588583696139194423e-01 8.137402413617314778e+02 2.457031545240541277e+02 5.680370868376774069e+02 3.100292907795605970e+02 2.560077960581172647e+02 1.685299446052716377e+01 3.001488758071191683e+02 2.668187507599274113e+02 2.135673849120570935e+02 4.667379534199118041e+01 5.679676265670466364e+02 2.612411802540482881e+02
1.747528400007684612e-01 6.942874983512000426e+02 2.303191484744507136e+02 4.639683498767493006e+02 2.317636505805982097e+02 2.302046992961511762e+02 1.573736034101433212e+01 2.676602259061878044e+02 2.391005545269376853e+02 1.812647561609848594e+02 4.418276860328260369e+01 5.077607804331254897e+02 2.264475247642674560e+02
1.922376212380460248e-01 5.953671907262815921e+02 2.146657259836013623e+02 3.807014647426802298e+02 1.725462576848960623e+02 2.061552070577840254e+02 1.466260147975352623e+01 2.375948863010230809e+02 2.135780452627144541e+02 1.533601804469195429e+02 4.160877213214942572e+01 4.521729315637375066e+02 1.959689525790689686e+02
2.114718308389148815e-01 5.125744318784297775e+02 1.989014107317614162e+02 3.136730211466683613e+02 1.278619496809341030e+02 1.838110714657341589e+02 1.361625257817938106e+01 2.098797217783567817e+02 1.901168616908062177e+02 1.295254128442102797e+02 3.897061199247956154e+01 4.009965834691629993e+02 1.694960248366898554e+02
2.326305067153627282e-01 4.425767921106074141e+02 1.832118591667642704e+02 2.593649329438431437e+02 9.424512594777894492e+01 1.631198069960643124e+02 1.264287973763526907e+01 1.844335624262811280e+02 1.686412177123347647e+02 1.092772032644403737e+02 3.630563285552386787e+01 3.540747801386158926e+02 1.465828361199642416e+02
2.559062000833060568e-01 3.828208581457586206e+02 1.677560483984759685e+02 2.150648097472826521e+02 6.903911415900228121e+01 1.440256955882802572e+02 1.176621666550769163e+01 1.611693136924707801e+02 1.490620637031067304e+02 9.211200475956800915e+01 3.364490581273909697e+01 3.112313773955775105e+02 1.267569105723071061e+02
2.815107277447732037e-01 3.313649487261920967e+02 1.526845300462580042e+02 1.786804186799340641e+02 5.021018312525872318e+01 1.264702355546753836e+02 1.094859570168631713e+01 1.399946672524921496e+02 1.312433431732848987e+02 7.756517521557140071e+01 3.100152442727745239e+01 2.722380104257770199e+02 1.095666996428488460e+02
3.096770996935353515e-01 2.867233901105797713e+02 1.381268782134859237e+02 1.485965118970938477e+02 3.620388784835441243e+01 1.103926240487392221e+02 1.019792091459406080e+01 1.208129072547185672e+02 1.150866010036968135e+02 6.522368092891264268e+01 2.839887342877359799e+01 2.368995082584153806e+02 9.462255435768624068e+01
3.406616395860617152e-01 2.477554961370126989e+02 1.241909664545425755e+02 1.235645296824701234e+02 2.583426967227544324e+01 9.573026001019461262e+01 9.465839832549761468e+00 1.035237868765637756e+02 1.004524059030144088e+02 5.472000429457585824e+01 2.584405734867884519e+01 2.049761927795781844e+02 8.156406164325470343e+01
3.747463173748084020e-01 2.135802077095161735e+02 1.109627735092344096e+02 1.026174342002817497e+02 1.819818787388155457e+01 8.241924632640015602e+01 8.796310433620126545e+00 8.802443767093984661e+01 8.728436695524845845e+01 4.575212394197508559e+01 2.336968627676675325e+01 1.763088046261883051e+02 7.012181021874184239e+01
4.122413153316091816e-01 1.835107073856922852e+02 9.850657218304399976e+01 8.500413520264828549e+01 1.260926462108357882e+01 7.039487058156466048e+01 8.145941792208482468e+00 7.421027577496467131e+01 7.545483691854092001e+01 3.808146863084694900e+01 2.098168073564717773e+01 1.506651126935055913e+02 6.006314936649413028e+01
4.534878508128583063e-01 1.570124809249614941e+02 8.687335675764087739e+01 7.013912416732061672e+01 8.547084545366129049e+00 5.959203962195441306e+01 7.542490739310326653e+00 6.197586608051906865e+01 6.489889832639499900e+01 3.151579950610195269e+01 1.870447966937328488e+01 1.278747644069140676e+02 5.122027917547524112e+01
4.988612814546216634e-01 1.336572194424422264e+02 7.609347418199486413e+01 5.756374526044737649e+01 5.618107524918988460e+00 4.994563773552845021e+01 7.013741394083259806e+00 5.121570260273286834e+01 5.555577247850523293e+01 2.589963196276686475e+01 1.656120523395074073e+01 1.077714750812380942e+02 4.346083719671760548e+01
5.487745210560133202e-01 1.130991221688420865e+02 6.618275522124498877e+01 4.691636694759709059e+01 3.525588493218662745e+00 4.139077845437848424e+01 6.484191568399776173e+00 4.182486912253610001e+01 4.727430686720407493e+01 2.110604481811600763e+01 1.454154778072146925e+01 9.009917598974017494e+01 3.664759259883747688e+01
6.036817972365550178e-01 9.505723020376703403e+01 5.714780102985286447e+01 3.790942917391416955e+01 2.046506315630559403e+00 3.386292285828361770e+01 5.984801443636478702e+00 3.369955381734640554e+01 3.999744164262722279e+01 1.702932612776232446e+01 1.266405217058266963e+01 7.469699545997363543e+01 3.069337829834499587e+01
6.640827850634846152e-01 7.929355628208895723e+01 4.898181119881220980e+01 3.031174508327675099e+01 1.013900560614522606e+00 2.729784452266225969e+01 5.552283356637248701e+00 2.673740631629698683e+01 3.367854004864740602e+01 1.358108175983430144e+01 1.094775501162802200e+01 6.141594636494438930e+01 2.552883677146232344e+01
7.305271542664454332e-01 6.560244329077031011e+01 4.166766196686540269e+01 2.393478132390491453e+01 3.033525963444151929e-01 2.163142872756048973e+01 5.152464753276576381e+00 2.083773970474179293e+01 2.820783176527806191e+01 1.068551546852293477e+01 9.387090074196819955e+00 5.004557147001985129e+01 2.107260554271975650e+01
8.036195714207738927e-01 5.380040095696008962e+01 3.517843222143165605e+01 1.862196873552843357e+01 -1.773380105768785908e-01 1.679930674610531938e+01 4.749832336904433738e+00 1.590160224865500638e+01 2.347709505631730309e+01 8.276791607943989604e+00 7.973694211493365991e+00 4.037869730497230591e+01 1.725048581943735471e+01
8.840252026209607372e-01 4.371908012530797549e+01 2.947879483274290635e+01 1.424028529256507092e+01 -4.960450742607243613e-01 1.273633036682579878e+01 4.377268073173696372e+00 1.183176419053538275e+01 1.943871281251868410e+01 6.296607649433688891e+00 6.716251139304183049e+00 3.227047700305406863e+01 1.401285878873787283e+01
9.724757667205176093e-01 3.519925456723464663e+01 2.452573113549999206e+01 1.067352343173465457e+01 -7.023347509306849812e-01 9.375858182665337992e+00 4.013798184891851584e+00 8.532685519508049765e+00 1.600401811492203308e+01 4.692207261540421115e+00 5.606113441351505244e+00 2.553670363443008284e+01 1.129832070289192636e+01
1.069776194224799193e+00 2.808601228419587059e+01 2.026911990304955324e+01 7.816892381146318236e+00 -8.317731496087661380e-01 6.648665530755082820e+00 3.710767281670052320e+00 5.910558790156160924e+00 1.314841606308455901e+01 3.414845583713228105e+00 4.652790326131452936e+00 2.005897485324071994e+01 9.067635909844680597e+00
1.176811952434998476e+00 2.222698974281691875e+01 1.665305934579846792e+01 5.573930397018451721e+00 -9.092859863513561569e-01 4.483216383369807545e+00 3.428457058362078147e+00 3.873548500048276555e+00 1.077191056762102228e+01 2.418884904782339085e+00 3.836887432386971497e+00 1.564545906766929839e+01 7.255772337169310582e+00
1.294557103504641038e+00 1.747188298763246905e+01 1.361707471720115414e+01 3.854808270431315353e+00 -9.536884740911817371e-01 2.808496744522499089e+00 3.135618199165775444e+00 2.332359874663628485e+00 8.782685328158230220e+00 1.661618101074823439e+00 3.138471142327846408e+00 1.211504520282185915e+01 5.800089243402670292e+00
1.424083168739649130e+00 1.367294400715186242e+01 1.109777981119213131e+01 2.575164195959731117e+00 -9.778475892187217244e-01 1.553011785178455062e+00 2.869753065589094376e+00 1.201238329804720006e+00 7.156078053463539312e+00 1.102703728222135027e+00 2.557338459593907487e+00 9.357316383268258875e+00 4.660042187816042514e+00
1.566568879810167125e+00 1.068516516124636873e+01 9.030309223686311171e+00 1.654855937560058221e+00 -9.901978489376910275e-01 6.450537864977470282e-01 2.644389336145058333e+00 3.994179780746949238e-01 5.851911655906429033e+00 7.041564542203448962e-01 2.085389216644316424e+00 7.251329633981123735e+00 3.789545670864661098e+00
1.723310905613508304e+00 8.369601747827459803e+00 7.350913148836222710e+00 1.018688598991236871e+00 -9.960503714084448790e-01 1.473897039968159565e-02 2.404177723757927154e+00 -1.470893021117359867e-01 4.772606145964767954e+00 4.309191786128703239e-01 1.692861932665753244e+00 5.625516843853032078e+00 3.123781111278623790e+00
1.895735652406376204e+00 6.596408453024164231e+00 5.998208853337410495e+00 5.981995996867534027e-01 -9.985787770150857945e-01 -4.032216232981609139e-01 2.190278500405125062e+00 -5.036197051112755174e-01 3.910005853509338714e+00 2.516904869178765991e-01 1.378501573394501856e+00 4.406386148398063085e+00 2.630192060312378288e+00
2.085412244591588138e+00 5.249150750541900834e+00 4.915427941746771445e+00 3.337228087951291111e-01 -9.995542327005235705e-01 -6.667229585043472628e-01 1.986141682156924215e+00 -7.252785764125143642e-01 3.214346220556251410e+00 1.397306633199496273e-01 1.125791724172057195e+00 3.489067644143736935e+00 2.265522387492006740e+00
2.294066804288951378e+00 4.227604695026361270e+00 4.051532790019448882e+00 1.760719050069124436e-01 -9.998817669388174734e-01 -8.240463280542703606e-01 1.794827210750416846e+00 -8.560698622939187930e-01 2.654437589106113382e+00 7.340251438232034409e-02 9.236825076247660027e-01 2.798367726812194700e+00 1.997085022007086375e+00
2.523598159639262928e+00 3.449827349513917341e+00 3.362461503942262286e+00 8.736584557165520681e-02 -9.999744706900398628e-01 -9.126596837383054162e-01 1.627279247978353993e+00 -9.290182506021509301e-01 2.214122149486958069e+00 3.628448031817243374e-02 7.658786260345280539e-01 2.285103898884806917e+00 1.802163106352700606e+00
2.776095124792418822e+00 2.851558725735211741e+00 2.811087459726407278e+00 4.047126600880426861e-02 -9.999957225776353598e-01 -9.595330114135607324e-01 1.482202835242737660e+00 -9.672966136910745583e-01 1.869303539500566824e+00 1.675143712210339086e-02 6.432889024486441176e-01 1.902006925809492266e+00 1.660040339570747481e+00
3.053855508833416277e+00 2.384690028407105977e+00 2.367364560236093762e+00 1.732546817101204145e-02 -9.999994767100933712e-01 -9.826750551188939697e-01 1.345907459444533272e+00 -9.860701032472796168e-01 1.589705619910760204e+00 7.148111700853944719e-03 5.448292361008747475e-01 1.603635516663480587e+00 1.551977347801728691e+00
3.359407026634058546e+00 2.014141598823764756e+00 2.007382158475050637e+00 6.759440348714017104e-03 -9.999999568079338541e-01 -9.932406028433518053e-01 1.202820694508028865e+00 -9.945917115158389166e-01 1.347113417481849096e+00 2.781018246371712212e-03 4.602805089598537847e-01 1.352521705966010179e+00 1.463061527206225509e+00
3.695530301926242878e+00 1.714899756661956376e+00 1.712539994196148330e+00 2.359762465808050175e-03 -9.999999978883952201e-01 -9.976402396457961785e-01 1.057521657613592403e+00 -9.981210857269603443e-01 1.134857254201989685e+00 9.692991862611929563e-04 3.869015026202712315e-01 1.136736168475029451e+00 1.387870801806532439e+00
4.065284171932743718e+00 1.469274025840168862e+00 1.468553846511782002e+00 7.201793283868654881e-04 -9.999999999975360820e-01 -9.992798206740772793e-01 9.386010761193397389e-01 -9.994293850846655003e-01 9.705699024061194002e-01 2.952588870146439300e-04 3.303364595257701763e-01 9.711405173214538999e-01 1.330631718412784714e+00
4.472033523836260294e+00 1.264664488579080759e+00 1.264477863251414869e+00 1.866253276659950275e-04 -1.000000000000006439e+00 -9.998133746723276705e-01 8.515902673282983448e-01 -9.998528707174400010e-01 8.523868813615402829e-01 7.507029141774382948e-05 2.897348831627258314e-01 8.525340106441002819e-01 1.289809953454143621e+00
4.919479916408221243e+00 1.092019507548878776e+00 1.091979915395691725e+00 3.959215318707089398e-05 -9.999999999999995559e-01 -9.999604078468126156e-01 7.569013772273208707e-01 -9.999689456789914166e-01 7.399365411722802488e-01 1.479822958264639285e-05 2.512955984565226619e-01 7.399675954932888322e-01 1.251310396686105442e+00
5.411695265464640414e+00 9.447542060493780980e-01 9.447476403083715502e-01 6.565741006589841106e-06 -1.000000000000000000e+00 -9.999934342589932301e-01 6.510584247973564276e-01 -9.999948767651495318e-01 6.264218191383618128e-01 2.054870460934401859e-06 2.126350166747860981e-01 6.264269423732122810e-01 1.212637071545247025e+00
5.953158899698244078e+00 8.180101743738469322e-01 8.180093735370653762e-01 8.008367815210938612e-07 -9.999999999999996669e-01 -9.999991991632183330e-01 5.770714859588716994e-01 -9.999993783385239254e-01 5.471232897074558288e-01 5.345532169909550401e-08 1.856363108191723121e-01 5.471239113689319034e-01 1.185636364274494037e+00
6.548798324107705682e+00 7.081549329914379465e-01 7.081548676034539191e-01 6.538798404533547755e-08 -9.999999999999998890e-01 -9.999999346120160837e-01 5.099884201436062359e-01 -9.999999494852485071e-01 4.786332484799269982e-01 -2.268578008182636267e-07 1.623523323784988592e-01 4.786332989946784355e-01 1.162352105520698009e+00
7.204034061985099768e+00 6.124377343577166455e-01 6.124377315771276642e-01 2.780588999638774675e-09 -1.000000000000000222e+00 -9.999999972194111297e-01 4.372320145547448633e-01 -9.999999978589909633e-01 4.079799736953883538e-01 -4.997595537509578145e-08 1.383677423491281311e-01 4.079799758363973350e-01 1.138367692373172702e+00
7.924828983539177862e+00 5.287290914052956703e-01 5.287290913976737672e-01 7.621928729975158259e-12 -1.000000000000000000e+00 -9.999999999923782079e-01 3.830360641670721433e-01 -9.999999999940064610e-01 3.554957963179509739e-01 3.871513425948672884e-07 1.205484676597149973e-01 3.554957963239444574e-01 1.120548854811057593e+00
8.717742570061773222e+00 4.553431990425100273e-01 4.553431990425103049e-01 -2.820769116598925250e-16 -1.000000000000000000e+00 -1.000000000000000666e+00 3.298990000387816424e-01 -1.000000000000000222e+00 3.055647840851790642e-01 6.693253885325685486e-07 1.036099963522481709e-01 3.055647840851788422e-01 1.103610665677636771e+00
9.589990607459979444e+00 3.909199282703916256e-01 3.909199282703916256e-01 -5.748327467707056061e-18 -1.000000000000000222e+00 -1.000000000000000222e+00 2.829735289543341969e-01 -1.000000000000000222e+00 2.618492625238861282e-01 3.676000435735169360e-07 8.878159390309681154e-02 2.618492625238859617e-01 1.088781961503140439e+00
1.054951085238560005e+01 3.343513829394426096e-01 3.343513829394426096e-01 -4.425598018821297747e-20 -1.000000000000000000e+00 -1.000000000000000000e+00 2.422062838098746618e-01 -1.000000000000000000e+00 2.242627410158387347e-01 -6.007000732476032673e-08 7.603490932173419259e-02 2.242627410158387624e-01 1.076034849251726877e+00
1.160503526854637713e+01 2.847328905235719243e-01 2.847328905235719243e-01 -2.586329023056659608e-22 -1.000000000000000000e+00 -1.000000000000000000e+00 2.059955667269380841e-01 -1.000000000000000000e+00 1.910672462610508160e-01 -8.498590794127254680e-08 6.477850943599676448e-02 1.910672462610507605e-01 1.064778424450088856e+00
1.276616949057407702e+01 2.413171231453580812e-01 2.413171231453580812e-01 -1.244360761854174547e-24 -1.000000000000000222e+00 -1.000000000000000222e+00 1.740044565410268085e-01 -1.000000000000000222e+00 1.618380212707437316e-01 -2.107182340116247825e-08 5.486817394979617846e-02 1.618380212707435373e-01 1.054868152877972864e+00
1.404348023859805394e+01 2.034602236275348808e-01 2.034602236275348808e-01 -4.760785906125484481e-27 -1.000000000000000222e+00 -1.000000000000000222e+00 1.461646187896358806e-01 -1.000000000000000222e+00 1.363565467899169881e-01 -1.684604274535986120e-07 4.622819575719182283e-02 1.363565467899168215e-01 1.046228027296764340e+00
1.544859147902676000e+01 1.705749276573815532e-01 1.705749276573815532e-01 -1.142467904595959153e-29 -1.000000000000000000e+00 -1.000000000000000000e+00 1.222983925223770363e-01 -1.000000000000000000e+00 1.145104624572129554e-01 -2.582558470543304476e-07 3.882118343640120206e-02 1.145104624572129692e-01 1.038820925180554244e+00
1.699429020663351508e+01 1.421166931523709931e-01 1.421166931523709931e-01 1.515931046299233665e-32 -1.000000000000000444e+00 -1.000000000000000444e+00 1.013993384024047817e-01 -1.000000000000000444e+00 9.535352128724883247e-02 -1.238584703534434039e-07 3.232635774760876657e-02 9.535352128724838838e-02 1.032326233889138356e+00
1.869464281059971000e+01 1.176129683202762344e-01 1.176129683202762344e-01 3.900692460448868783e-34 -9.999999999999997780e-01 -9.999999999999997780e-01 8.339968225545238423e-02 -9.999999999999997780e-01 7.880523896652077975e-02 4.023492862580918956e-08 2.671615448464333478e-02 7.880523896652102955e-02 1.026716194719571984e+00
2.056512308348651530e+01 9.666859076376915771e-02 9.666859076376915771e-02 3.091793726944685385e-36 -1.000000000000000000e+00 -1.000000000000000000e+00 6.835046600281521889e-02 -1.000000000000000000e+00 6.489968434898459038e-02 8.382391241027165282e-08 2.200174561943184573e-02 6.489968434898463201e-02 1.022001829443344167e+00
2.262275303806046978e+01 7.889363828481855967e-02 7.889363828481855967e-02 1.834434361907868603e-38 -1.000000000000000000e+00 -1.000000000000000000e+00 5.543674138627901343e-02 -1.000000000000000000e+00 5.290047777744769780e-02 4.935683759120340836e-08 1.793361212291948170e-02 5.290047777744766311e-02 1.017933661479757168e+00
2.488625781345471566e+01 6.386410784233376159e-02 6.386410784233376159e-02 8.949172831717455001e-41 -1.000000000000000222e+00 -1.000000000000000222e+00 4.464873207063213556e-02 -1.000000000000000222e+00 4.282669243410903298e-02 2.101000694566108259e-08 1.451835269477369343e-02 4.282669243410885951e-02 1.014518373704780707e+00
2.737623608036490808e+01 5.123233274920248326e-02 5.123233274920248326e-02 3.493365265220698681e-43 -1.000000000000000000e+00 -1.000000000000000000e+00 3.567041586876278786e-02 -1.000000000000000000e+00 3.440543230146549808e-02 1.717484942189854287e-08 1.166350804404194669e-02 3.440543230146553277e-02 1.011663525218891468e+00
3.011534749602566663e+01 4.074466614765410305e-02 4.074466614765410305e-02 8.854689858912517248e-46 -9.999999999999997780e-01 -9.999999999999997780e-01 2.815683951222206632e-02 -9.999999999999997780e-01 2.730572665813323779e-02 1.314199974838001499e-08 9.256593826528937766e-03 2.730572665813346678e-02 1.009256606968528702e+00
3.312851891487240152e+01 3.207265217910517524e-02 3.207265217910517524e-02 -7.240471931206975787e-49 -1.000000000000000444e+00 -1.000000000000000444e+00 2.205635707904540083e-02 -1.000000000000000444e+00 2.150399067286168711e-02 -7.428260836938389453e-10 7.289726880506731607e-03 2.150399067286123955e-02 1.007289726137680752e+00
3.644317123147570214e+01 2.493720852895028872e-02 2.493720852895028872e-02 -2.637186904573620873e-50 -1.000000000000000000e+00 -1.000000000000000000e+00 1.705945466129666147e-02 -1.000000000000000000e+00 1.672713227838634048e-02 -9.815503944907663033e-10 5.670408330141376956e-03 1.672713227838629191e-02 1.005670407348590922e+00
4.008946892009807783e+01 1.915681449163277733e-02 1.915681449163277733e-02 -2.157063868851445764e-52 -9.999999999999998890e-01 -9.999999999999998890e-01 1.305028712646450449e-02 -9.999999999999998890e-01 1.286020242031119497e-02 5.566675536021487526e-09 4.359457385604927938e-03 1.286020242031127303e-02 1.004359462952280513e+00
4.410059454176740701e+01 1.449670933653097321e-02 1.449670933653097321e-02 -1.299881505755352452e-54 -9.999999999999998890e-01 -9.999999999999998890e-01 9.818525111609995373e-03 -9.999999999999998890e-01 9.732024612392064719e-03 1.014199944066949095e-09 3.299067509982105302e-03 9.732024612392198293e-03 1.003299068524182047e+00
4.851305071697626659e+01 1.080748163379060926e-02 1.080748163379060926e-02 -6.429074474892398030e-57 -9.999999999999998890e-01 -9.999999999999998890e-01 7.272106991920301508e-03 -9.999999999999998890e-01 7.246272460742209792e-03 -5.478040872932423498e-10 2.456399289196524102e-03 7.246272460742275712e-03 1.002456398741392363e+00
5.336699231206306138e+01 7.917258128199341702e-03 7.917258128199341702e-03 -2.558425520094272863e-59 -1.000000000000000222e+00 -1.000000000000000222e+00 5.302149932297548982e-03 -1.000000000000000222e+00 5.311207493244266692e-03 2.476851851758596274e-09 1.800427928686762534e-03 5.311207493244096689e-03 1.001800430405538567e+00
5.870659186228386517e+01 5.682692746356161374e-03 5.682692746356161374e-03 -6.811333785314457711e-62 -1.000000000000000000e+00 -1.000000000000000000e+00 3.784464436804726040e-03 -1.000000000000000000e+00 3.811928610532300081e-03 -1.031495508982095796e-09 1.292193689486797158e-03 3.811928610532255846e-03 1.001292192657991187e+00
6.458044155705078992e+01 3.979357455291369049e-03 3.979357455291369049e-03 2.593253333196034369e-65 -9.999999999999997780e-01 -9.999999999999997780e-01 2.631356882635100050e-03 -9.999999999999997780e-01 2.666058405766552532e-03 -2.394437785675061490e-09 9.037524019059956426e-04 2.666058405766724704e-03 1.000903750007468229e+00
7.104199544554195711e+01 2.676774613318337343e-03 2.676774613318337343e-03 1.775606540010693109e-66 -9.999999999999998890e-01 -9.999999999999998890e-01 1.757423344785334542e-03 -9.999999999999998890e-01 1.794657614451586900e-03 -1.663455317275062645e-10 6.083489132288435498e-04 1.794657614451744543e-03 1.000608348746883314e+00
7.815005588690304705e+01 1.664072781998074315e-03 1.664072781998074315e-03 1.502803640269592339e-68 -1.000000000000000000e+00 -1.000000000000000000e+00 1.072140996438619188e-03 -1.000000000000000000e+00 1.116340289625878139e-03 -1.981800082633417746e-10 3.784292676526692387e-04 1.116340289625927795e-03 1.000378429069472608e+00
8.596930867190785364e+01 9.932436527609921680e-04 9.932436527609921680e-04 9.202063046800821273e-71 -1.000000000000000000e+00 -1.000000000000000000e+00 6.119157624599895528e-04 -1.000000000000000000e+00 6.683691840020819465e-04 -2.012133755606603427e-10 2.266826725306938638e-04 6.683691840020378194e-04 1.000226682471317297e+00
9.457091168586580920e+01 1.214447484144285652e-03 1.214447484144285652e-03 4.613745783156477974e-73 -1.000000000000000000e+00 -1.000000000000000000e+00 7.941810141198227474e-04 -1.000000000000000000e+00 8.158468863152090050e-04 2.053324781849415575e-10 2.766519968441947456e-04 8.158468863151968620e-04 1.000276652202176653e+00
1.040331424698117644e+02 1.864204512560095226e-03 1.864204512560095226e-03 1.870307465288613379e-75 -1.000000000000000000e+00 -1.000000000000000000e+00 1.311319202773200817e-03 -1.000000000000000000e+00 1.251349908733776720e-03 3.171180876770626473e-11 4.239228266613507255e-04 1.251349908733767613e-03 1.000423922858373116e+00
1.144421105730095007e+02 9.930889715743036923e-04 9.930889715743036923e-04 5.205658004897808089e-78 -1.000000000000000000e+00 -1.000000000000000000e+00 6.801972782145876591e-04 -1.000000000000000000e+00 6.661564389049808238e-04 -4.029005556493524875e-11 2.257964919575923708e-04 6.661564389049967616e-04 1.000225796451667426e+00
1.258925411794167672e+02 1.231242753369366904e-05 1.231242753369366904e-05 -2.002062712967862308e-90 -1.000000000000000000e+00 -1.000000000000000000e+00 -1.244831045335475393e-05 -1.000000000000000000e+00 7.674384103263980560e-06 2.470324366190126397e-11 2.650503999459717045e-06 7.674384103317777317e-06 1.000002650528702741e+00
